# Transmission through ionization/dissociation front produced by UV and 
# X-rays from a GRB.  Spectrum calculated by B.T. Draine
# References:
# Draine, B.T. 2000: Gamma Ray Bursts in Molecular Clouds: H2 Absorption
#     and Fluorescence, ApJ 532, 273
# Draine, B.T., & Hao, L. 2002, Gamma Ray Burst in a Molecular Cloud:
#     Destruction of Dust and H2, and Emergent Spectrum, ApJ 569, 780
# 
#  1.000E+03 = n_H (cm-3)
#     -0.500 = beta ( L_nu propto nu^{beta} )
# 
# N(H), N(H2+), and N(H2_vJ) from h2abs_nvj.dat                                   
#      28765 H2 absorption lines from 299 levels of H2
#     221681 = NWAV = number of wavelengths
#       2059 = 2*KKMAX+1 points in smoothing kernel
#      350.0 = lambda/FWHM(lambda) in final spectrum
#  1.002E+03 = time (s)
#  3.596E+19 = N(H) (cm-2)
#  6.732E+16 = N(H2+) (cm-2)
#  5.905E-01 = tau_d
#       2154 = number of output frequencies
# 
# transmission as a function of frequency
#   f (cm-1)   I/I_0   tau(gas)
# ------------------------------
  56849.40 8.162E-01 2.032E-01
  56868.74 8.163E-01 2.030E-01
  56888.10 8.163E-01 2.030E-01
  56907.46 8.163E-01 2.030E-01
  56926.82 8.163E-01 2.030E-01
  56946.19 8.163E-01 2.030E-01
  56965.57 8.163E-01 2.030E-01
  56984.96 8.162E-01 2.030E-01
  57004.35 8.162E-01 2.031E-01
  57023.75 8.162E-01 2.031E-01
  57043.15 8.161E-01 2.032E-01
  57062.56 8.161E-01 2.033E-01
  57081.98 8.160E-01 2.034E-01
  57101.40 8.159E-01 2.035E-01
  57120.84 8.157E-01 2.037E-01
  57140.27 8.156E-01 2.038E-01
  57159.72 8.155E-01 2.040E-01
  57179.17 8.153E-01 2.041E-01
  57198.63 8.152E-01 2.043E-01
  57218.09 8.150E-01 2.045E-01
  57237.56 8.149E-01 2.047E-01
  57257.04 8.148E-01 2.049E-01
  57276.52 8.147E-01 2.050E-01
  57296.01 8.147E-01 2.050E-01
  57315.51 8.147E-01 2.049E-01
  57335.02 8.149E-01 2.047E-01
  57354.53 8.151E-01 2.045E-01
  57374.04 8.153E-01 2.043E-01
  57393.57 8.154E-01 2.040E-01
  57413.10 8.156E-01 2.038E-01
  57432.64 8.157E-01 2.037E-01
  57452.18 8.158E-01 2.036E-01
  57471.73 8.158E-01 2.035E-01
  57491.29 8.159E-01 2.035E-01
  57510.85 8.159E-01 2.035E-01
  57530.42 8.159E-01 2.034E-01
  57550.00 8.160E-01 2.034E-01
  57569.58 8.160E-01 2.033E-01
  57589.17 8.161E-01 2.033E-01
  57608.77 8.161E-01 2.032E-01
  57628.37 8.162E-01 2.031E-01
  57647.98 8.162E-01 2.031E-01
  57667.60 8.163E-01 2.030E-01
  57687.23 8.163E-01 2.030E-01
  57706.86 8.163E-01 2.030E-01
  57726.49 8.163E-01 2.030E-01
  57746.14 8.163E-01 2.030E-01
  57765.79 8.163E-01 2.030E-01
  57785.44 8.163E-01 2.030E-01
  57805.11 8.163E-01 2.030E-01
  57824.78 8.163E-01 2.030E-01
  57844.46 8.163E-01 2.030E-01
  57864.14 8.163E-01 2.030E-01
  57883.83 8.162E-01 2.031E-01
  57903.53 8.161E-01 2.032E-01
  57923.23 8.159E-01 2.034E-01
  57942.94 8.157E-01 2.037E-01
  57962.66 8.153E-01 2.042E-01
  57982.39 8.148E-01 2.048E-01
  58002.12 8.142E-01 2.055E-01
  58021.85 8.136E-01 2.063E-01
  58041.60 8.129E-01 2.072E-01
  58061.35 8.122E-01 2.080E-01
  58081.11 8.117E-01 2.086E-01
  58100.87 8.113E-01 2.091E-01
  58120.64 8.111E-01 2.094E-01
  58140.42 8.111E-01 2.094E-01
  58160.21 8.112E-01 2.092E-01
  58180.00 8.114E-01 2.090E-01
  58199.80 8.118E-01 2.085E-01
  58219.60 8.121E-01 2.082E-01
  58239.41 8.124E-01 2.078E-01
  58259.23 8.125E-01 2.076E-01
  58279.06 8.124E-01 2.078E-01
  58298.89 8.121E-01 2.081E-01
  58318.73 8.117E-01 2.086E-01
  58338.57 8.111E-01 2.094E-01
  58358.42 8.105E-01 2.101E-01
  58378.28 8.097E-01 2.111E-01
  58398.15 8.090E-01 2.120E-01
  58418.02 8.082E-01 2.129E-01
  58437.90 8.073E-01 2.141E-01
  58457.79 8.061E-01 2.156E-01
  58477.68 8.044E-01 2.176E-01
  58497.58 8.024E-01 2.202E-01
  58517.49 7.999E-01 2.233E-01
  58537.40 7.968E-01 2.272E-01
  58557.32 7.936E-01 2.311E-01
  58577.24 7.905E-01 2.351E-01
  58597.18 7.879E-01 2.384E-01
  58617.12 7.858E-01 2.410E-01
  58637.07 7.846E-01 2.425E-01
  58657.02 7.841E-01 2.433E-01
  58676.98 7.841E-01 2.432E-01
  58696.95 7.844E-01 2.429E-01
  58716.92 7.848E-01 2.424E-01
  58736.90 7.853E-01 2.417E-01
  58756.89 7.860E-01 2.407E-01
  58776.88 7.872E-01 2.392E-01
  58796.89 7.889E-01 2.371E-01
  58816.89 7.913E-01 2.341E-01
  58836.91 7.942E-01 2.304E-01
  58856.93 7.975E-01 2.263E-01
  58876.96 8.009E-01 2.220E-01
  58896.99 8.040E-01 2.181E-01
  58917.04 8.068E-01 2.147E-01
  58937.09 8.091E-01 2.118E-01
  58957.14 8.108E-01 2.098E-01
  58977.20 8.120E-01 2.083E-01
  58997.27 8.126E-01 2.076E-01
  59017.35 8.129E-01 2.072E-01
  59037.43 8.128E-01 2.072E-01
  59057.52 8.128E-01 2.073E-01
  59077.62 8.126E-01 2.075E-01
  59097.72 8.126E-01 2.075E-01
  59117.83 8.128E-01 2.073E-01
  59137.95 8.131E-01 2.069E-01
  59158.08 8.136E-01 2.063E-01
  59178.21 8.141E-01 2.057E-01
  59198.34 8.145E-01 2.052E-01
  59218.49 8.149E-01 2.047E-01
  59238.64 8.151E-01 2.045E-01
  59258.80 8.152E-01 2.043E-01
  59278.97 8.153E-01 2.042E-01
  59299.14 8.153E-01 2.042E-01
  59319.32 8.153E-01 2.042E-01
  59339.50 8.153E-01 2.042E-01
  59359.70 8.153E-01 2.042E-01
  59379.89 8.153E-01 2.042E-01
  59400.10 8.152E-01 2.043E-01
  59420.31 8.152E-01 2.044E-01
  59440.54 8.150E-01 2.045E-01
  59460.76 8.147E-01 2.049E-01
  59481.00 8.144E-01 2.053E-01
  59501.24 8.139E-01 2.059E-01
  59521.49 8.129E-01 2.071E-01
  59541.74 8.118E-01 2.085E-01
  59562.00 8.102E-01 2.104E-01
  59582.27 8.082E-01 2.130E-01
  59602.55 8.055E-01 2.163E-01
  59622.83 8.019E-01 2.207E-01
  59643.12 7.975E-01 2.262E-01
  59663.41 7.921E-01 2.331E-01
  59683.72 7.856E-01 2.413E-01
  59704.03 7.781E-01 2.508E-01
  59724.34 7.696E-01 2.618E-01
  59744.67 7.602E-01 2.742E-01
  59765.00 7.502E-01 2.874E-01
  59785.33 7.402E-01 3.009E-01
  59805.68 7.318E-01 3.122E-01
  59826.03 7.250E-01 3.215E-01
  59846.39 7.205E-01 3.278E-01
  59866.75 7.176E-01 3.319E-01
  59887.13 7.161E-01 3.339E-01
  59907.51 7.156E-01 3.346E-01
  59927.89 7.163E-01 3.336E-01
  59948.28 7.181E-01 3.311E-01
  59968.68 7.219E-01 3.259E-01
  59989.09 7.281E-01 3.174E-01
  60009.51 7.363E-01 3.061E-01
  60029.93 7.458E-01 2.932E-01
  60050.35 7.559E-01 2.799E-01
  60070.79 7.652E-01 2.676E-01
  60091.23 7.734E-01 2.569E-01
  60111.68 7.796E-01 2.490E-01
  60132.13 7.843E-01 2.430E-01
  60152.60 7.876E-01 2.387E-01
  60173.07 7.898E-01 2.359E-01
  60193.54 7.909E-01 2.346E-01
  60214.03 7.903E-01 2.354E-01
  60234.52 7.890E-01 2.370E-01
  60255.01 7.864E-01 2.402E-01
  60275.52 7.831E-01 2.445E-01
  60296.03 7.784E-01 2.505E-01
  60316.55 7.727E-01 2.579E-01
  60337.07 7.660E-01 2.666E-01
  60357.61 7.586E-01 2.763E-01
  60378.14 7.516E-01 2.855E-01
  60398.69 7.458E-01 2.933E-01
  60419.24 7.420E-01 2.984E-01
  60439.80 7.409E-01 2.998E-01
  60460.37 7.425E-01 2.977E-01
  60480.95 7.462E-01 2.928E-01
  60501.53 7.512E-01 2.861E-01
  60522.12 7.571E-01 2.783E-01
  60542.71 7.626E-01 2.711E-01
  60563.31 7.670E-01 2.653E-01
  60583.92 7.706E-01 2.606E-01
  60604.54 7.729E-01 2.576E-01
  60625.16 7.741E-01 2.560E-01
  60645.79 7.743E-01 2.558E-01
  60666.43 7.733E-01 2.571E-01
  60687.07 7.716E-01 2.592E-01
  60707.72 7.694E-01 2.622E-01
  60728.38 7.662E-01 2.663E-01
  60749.05 7.628E-01 2.708E-01
  60769.72 7.589E-01 2.759E-01
  60790.40 7.545E-01 2.817E-01
  60811.09 7.495E-01 2.884E-01
  60831.78 7.439E-01 2.959E-01
  60852.48 7.374E-01 3.046E-01
  60873.19 7.298E-01 3.149E-01
  60893.90 7.208E-01 3.274E-01
  60914.63 7.088E-01 3.442E-01
  60935.35 6.944E-01 3.647E-01
  60956.09 6.785E-01 3.879E-01
  60976.83 6.622E-01 4.123E-01
  60997.58 6.467E-01 4.359E-01
  61018.34 6.338E-01 4.561E-01
  61039.10 6.252E-01 4.697E-01
  61059.88 6.209E-01 4.766E-01
  61080.65 6.211E-01 4.763E-01
  61101.44 6.244E-01 4.710E-01
  61122.23 6.309E-01 4.605E-01
  61143.03 6.405E-01 4.456E-01
  61163.84 6.523E-01 4.272E-01
  61184.65 6.671E-01 4.048E-01
  61205.47 6.838E-01 3.801E-01
  61226.30 7.020E-01 3.538E-01
  61247.13 7.203E-01 3.281E-01
  61267.98 7.370E-01 3.052E-01
  61288.82 7.515E-01 2.857E-01
  61309.68 7.622E-01 2.715E-01
  61330.54 7.702E-01 2.612E-01
  61351.41 7.746E-01 2.554E-01
  61372.29 7.763E-01 2.532E-01
  61393.18 7.754E-01 2.544E-01
  61414.07 7.734E-01 2.569E-01
  61434.97 7.704E-01 2.608E-01
  61455.87 7.652E-01 2.676E-01
  61476.79 7.592E-01 2.754E-01
  61497.71 7.510E-01 2.864E-01
  61518.63 7.418E-01 2.986E-01
  61539.57 7.307E-01 3.138E-01
  61560.51 7.190E-01 3.299E-01
  61581.46 7.073E-01 3.463E-01
  61602.41 6.964E-01 3.619E-01
  61623.38 6.878E-01 3.743E-01
  61644.35 6.822E-01 3.824E-01
  61665.32 6.802E-01 3.854E-01
  61686.31 6.820E-01 3.827E-01
  61707.30 6.874E-01 3.749E-01
  61728.30 6.952E-01 3.635E-01
  61749.30 7.045E-01 3.503E-01
  61770.32 7.135E-01 3.376E-01
  61791.34 7.217E-01 3.262E-01
  61812.36 7.290E-01 3.161E-01
  61833.40 7.340E-01 3.092E-01
  61854.44 7.364E-01 3.060E-01
  61875.49 7.375E-01 3.045E-01
  61896.54 7.362E-01 3.062E-01
  61917.61 7.334E-01 3.100E-01
  61938.68 7.286E-01 3.166E-01
  61959.75 7.229E-01 3.245E-01
  61980.84 7.142E-01 3.365E-01
  62001.93 7.031E-01 3.522E-01
  62023.03 6.908E-01 3.700E-01
  62044.13 6.754E-01 3.925E-01
  62065.25 6.573E-01 4.196E-01
  62086.37 6.376E-01 4.500E-01
  62107.50 6.170E-01 4.829E-01
  62128.63 5.964E-01 5.168E-01
  62149.77 5.790E-01 5.465E-01
  62170.92 5.655E-01 5.701E-01
  62192.08 5.571E-01 5.850E-01
  62213.24 5.531E-01 5.923E-01
  62234.41 5.528E-01 5.928E-01
  62255.59 5.551E-01 5.886E-01
  62276.77 5.581E-01 5.832E-01
  62297.97 5.600E-01 5.798E-01
  62319.17 5.610E-01 5.781E-01
  62340.37 5.620E-01 5.762E-01
  62361.59 5.647E-01 5.714E-01
  62382.81 5.718E-01 5.590E-01
  62404.04 5.850E-01 5.361E-01
  62425.27 6.046E-01 5.032E-01
  62446.52 6.276E-01 4.659E-01
  62467.77 6.541E-01 4.245E-01
  62489.02 6.812E-01 3.838E-01
  62510.29 7.051E-01 3.494E-01
  62531.56 7.251E-01 3.214E-01
  62552.84 7.391E-01 3.023E-01
  62574.12 7.470E-01 2.916E-01
  62595.42 7.495E-01 2.883E-01
  62616.72 7.476E-01 2.909E-01
  62638.03 7.422E-01 2.981E-01
  62659.34 7.342E-01 3.089E-01
  62680.66 7.241E-01 3.228E-01
  62701.99 7.141E-01 3.367E-01
  62723.33 7.037E-01 3.513E-01
  62744.68 6.936E-01 3.658E-01
  62766.03 6.843E-01 3.793E-01
  62787.39 6.755E-01 3.923E-01
  62808.75 6.677E-01 4.039E-01
  62830.13 6.615E-01 4.132E-01
  62851.51 6.570E-01 4.200E-01
  62872.89 6.555E-01 4.224E-01
  62894.29 6.568E-01 4.203E-01
  62915.69 6.616E-01 4.132E-01
  62937.10 6.693E-01 4.015E-01
  62958.52 6.791E-01 3.870E-01
  62979.94 6.903E-01 3.706E-01
  63001.37 7.004E-01 3.562E-01
  63022.81 7.087E-01 3.443E-01
  63044.26 7.142E-01 3.366E-01
  63065.71 7.168E-01 3.329E-01
  63087.17 7.159E-01 3.343E-01
  63108.64 7.122E-01 3.394E-01
  63130.12 7.042E-01 3.507E-01
  63151.60 6.939E-01 3.654E-01
  63173.09 6.799E-01 3.859E-01
  63194.59 6.621E-01 4.123E-01
  63216.09 6.420E-01 4.431E-01
  63237.60 6.202E-01 4.777E-01
  63259.12 5.986E-01 5.131E-01
  63280.65 5.798E-01 5.451E-01
  63302.18 5.648E-01 5.713E-01
  63323.72 5.549E-01 5.889E-01
  63345.27 5.518E-01 5.946E-01
  63366.83 5.548E-01 5.892E-01
  63388.39 5.622E-01 5.759E-01
  63409.96 5.730E-01 5.568E-01
  63431.54 5.856E-01 5.351E-01
  63453.13 5.983E-01 5.136E-01
  63474.72 6.097E-01 4.949E-01
  63496.32 6.180E-01 4.812E-01
  63517.93 6.237E-01 4.720E-01
  63539.54 6.279E-01 4.653E-01
  63561.16 6.315E-01 4.597E-01
  63582.79 6.336E-01 4.563E-01
  63604.43 6.365E-01 4.517E-01
  63626.07 6.403E-01 4.459E-01
  63647.72 6.444E-01 4.394E-01
  63669.38 6.488E-01 4.326E-01
  63691.05 6.534E-01 4.255E-01
  63712.72 6.582E-01 4.182E-01
  63734.40 6.629E-01 4.111E-01
  63756.09 6.682E-01 4.032E-01
  63777.79 6.735E-01 3.953E-01
  63799.49 6.787E-01 3.875E-01
  63821.20 6.848E-01 3.787E-01
  63842.92 6.904E-01 3.705E-01
  63864.65 6.964E-01 3.619E-01
  63886.38 7.016E-01 3.544E-01
  63908.12 7.065E-01 3.475E-01
  63929.87 7.103E-01 3.421E-01
  63951.62 7.130E-01 3.383E-01
  63973.38 7.139E-01 3.370E-01
  63995.15 7.138E-01 3.371E-01
  64016.93 7.136E-01 3.375E-01
  64038.71 7.127E-01 3.387E-01
  64060.51 7.117E-01 3.400E-01
  64082.30 7.112E-01 3.408E-01
  64104.11 7.108E-01 3.413E-01
  64125.93 7.113E-01 3.406E-01
  64147.75 7.124E-01 3.391E-01
  64169.58 7.143E-01 3.365E-01
  64191.41 7.161E-01 3.340E-01
  64213.26 7.176E-01 3.318E-01
  64235.11 7.176E-01 3.318E-01
  64256.97 7.159E-01 3.342E-01
  64278.83 7.116E-01 3.402E-01
  64300.71 7.043E-01 3.506E-01
  64322.59 6.947E-01 3.643E-01
  64344.48 6.833E-01 3.808E-01
  64366.37 6.713E-01 3.986E-01
  64388.28 6.597E-01 4.160E-01
  64410.19 6.492E-01 4.321E-01
  64432.10 6.417E-01 4.436E-01
  64454.03 6.375E-01 4.503E-01
  64475.96 6.365E-01 4.518E-01
  64497.90 6.376E-01 4.500E-01
  64519.85 6.387E-01 4.483E-01
  64541.81 6.395E-01 4.471E-01
  64563.77 6.380E-01 4.494E-01
  64585.74 6.349E-01 4.543E-01
  64607.72 6.299E-01 4.622E-01
  64629.71 6.243E-01 4.712E-01
  64651.70 6.183E-01 4.808E-01
  64673.70 6.156E-01 4.852E-01
  64695.71 6.148E-01 4.864E-01
  64717.72 6.178E-01 4.816E-01
  64739.75 6.233E-01 4.727E-01
  64761.78 6.302E-01 4.617E-01
  64783.81 6.376E-01 4.500E-01
  64805.86 6.444E-01 4.394E-01
  64827.91 6.492E-01 4.320E-01
  64849.97 6.534E-01 4.255E-01
  64872.04 6.566E-01 4.207E-01
  64894.12 6.608E-01 4.142E-01
  64916.20 6.665E-01 4.056E-01
  64938.29 6.744E-01 3.940E-01
  64960.39 6.845E-01 3.791E-01
  64982.49 6.951E-01 3.637E-01
  65004.61 7.060E-01 3.481E-01
  65026.73 7.159E-01 3.343E-01
  65048.85 7.239E-01 3.231E-01
  65070.99 7.304E-01 3.142E-01
  65093.13 7.344E-01 3.087E-01
  65115.28 7.350E-01 3.078E-01
  65137.44 7.339E-01 3.094E-01
  65159.61 7.304E-01 3.142E-01
  65181.78 7.248E-01 3.218E-01
  65203.96 7.185E-01 3.306E-01
  65226.15 7.112E-01 3.408E-01
  65248.35 7.042E-01 3.507E-01
  65270.55 6.988E-01 3.584E-01
  65292.76 6.945E-01 3.645E-01
  65314.98 6.918E-01 3.685E-01
  65337.21 6.902E-01 3.707E-01
  65359.44 6.886E-01 3.731E-01
  65381.68 6.865E-01 3.761E-01
  65403.93 6.821E-01 3.826E-01
  65426.19 6.751E-01 3.928E-01
  65448.45 6.663E-01 4.060E-01
  65470.72 6.569E-01 4.202E-01
  65493.00 6.481E-01 4.338E-01
  65515.29 6.417E-01 4.436E-01
  65537.58 6.396E-01 4.469E-01
  65559.88 6.418E-01 4.435E-01
  65582.19 6.468E-01 4.357E-01
  65604.51 6.549E-01 4.232E-01
  65626.84 6.623E-01 4.120E-01
  65649.17 6.684E-01 4.029E-01
  65671.51 6.719E-01 3.976E-01
  65693.86 6.707E-01 3.994E-01
  65716.21 6.658E-01 4.068E-01
  65738.57 6.558E-01 4.219E-01
  65760.94 6.418E-01 4.435E-01
  65783.32 6.238E-01 4.719E-01
  65805.71 6.052E-01 5.022E-01
  65828.10 5.871E-01 5.326E-01
  65850.50 5.717E-01 5.592E-01
  65872.91 5.617E-01 5.768E-01
  65895.33 5.579E-01 5.837E-01
  65917.75 5.603E-01 5.793E-01
  65940.18 5.688E-01 5.643E-01
  65962.62 5.818E-01 5.417E-01
  65985.07 5.981E-01 5.140E-01
  66007.52 6.166E-01 4.835E-01
  66029.98 6.358E-01 4.529E-01
  66052.45 6.538E-01 4.250E-01
  66074.93 6.705E-01 3.998E-01
  66097.41 6.842E-01 3.795E-01
  66119.91 6.957E-01 3.628E-01
  66142.41 7.061E-01 3.480E-01
  66164.91 7.143E-01 3.364E-01
  66187.43 7.228E-01 3.246E-01
  66209.95 7.303E-01 3.142E-01
  66232.48 7.357E-01 3.070E-01
  66255.02 7.382E-01 3.035E-01
  66277.57 7.368E-01 3.054E-01
  66300.12 7.317E-01 3.124E-01
  66322.68 7.220E-01 3.258E-01
  66345.25 7.087E-01 3.443E-01
  66367.83 6.937E-01 3.657E-01
  66390.41 6.785E-01 3.878E-01
  66413.01 6.654E-01 4.073E-01
  66435.61 6.552E-01 4.229E-01
  66458.21 6.489E-01 4.325E-01
  66480.83 6.468E-01 4.357E-01
  66503.45 6.486E-01 4.329E-01
  66526.08 6.539E-01 4.248E-01
  66548.72 6.617E-01 4.129E-01
  66571.37 6.710E-01 3.990E-01
  66594.02 6.817E-01 3.831E-01
  66616.68 6.933E-01 3.663E-01
  66639.35 7.037E-01 3.514E-01
  66662.03 7.134E-01 3.377E-01
  66684.71 7.212E-01 3.268E-01
  66707.41 7.251E-01 3.214E-01
  66730.11 7.245E-01 3.223E-01
  66752.81 7.189E-01 3.301E-01
  66775.53 7.080E-01 3.453E-01
  66798.25 6.930E-01 3.667E-01
  66820.98 6.755E-01 3.923E-01
  66843.72 6.590E-01 4.171E-01
  66866.47 6.460E-01 4.370E-01
  66889.22 6.385E-01 4.486E-01
  66911.98 6.367E-01 4.515E-01
  66934.75 6.398E-01 4.466E-01
  66957.53 6.470E-01 4.354E-01
  66980.32 6.557E-01 4.221E-01
  67003.11 6.636E-01 4.100E-01
  67025.91 6.686E-01 4.026E-01
  67048.72 6.689E-01 4.022E-01
  67071.53 6.649E-01 4.081E-01
  67094.36 6.566E-01 4.207E-01
  67117.19 6.442E-01 4.398E-01
  67140.03 6.286E-01 4.642E-01
  67162.88 6.129E-01 4.896E-01
  67185.73 5.977E-01 5.146E-01
  67208.59 5.861E-01 5.343E-01
  67231.46 5.799E-01 5.448E-01
  67254.34 5.794E-01 5.457E-01
  67277.23 5.850E-01 5.362E-01
  67300.12 5.949E-01 5.193E-01
  67323.03 6.078E-01 4.979E-01
  67345.93 6.209E-01 4.765E-01
  67368.85 6.315E-01 4.596E-01
  67391.78 6.390E-01 4.479E-01
  67414.71 6.412E-01 4.444E-01
  67437.65 6.400E-01 4.463E-01
  67460.60 6.360E-01 4.526E-01
  67483.56 6.309E-01 4.606E-01
  67506.52 6.265E-01 4.675E-01
  67529.49 6.245E-01 4.708E-01
  67552.47 6.270E-01 4.668E-01
  67575.46 6.351E-01 4.540E-01
  67598.45 6.483E-01 4.334E-01
  67621.46 6.645E-01 4.087E-01
  67644.47 6.822E-01 3.824E-01
  67667.49 6.979E-01 3.596E-01
  67690.51 7.094E-01 3.433E-01
  67713.55 7.161E-01 3.339E-01
  67736.59 7.174E-01 3.321E-01
  67759.64 7.139E-01 3.370E-01
  67782.70 7.078E-01 3.456E-01
  67805.77 7.006E-01 3.558E-01
  67828.84 6.936E-01 3.658E-01
  67851.92 6.870E-01 3.754E-01
  67875.01 6.821E-01 3.826E-01
  67898.11 6.793E-01 3.867E-01
  67921.21 6.788E-01 3.875E-01
  67944.33 6.801E-01 3.855E-01
  67967.45 6.840E-01 3.798E-01
  67990.58 6.897E-01 3.715E-01
  68013.71 6.967E-01 3.614E-01
  68036.86 7.033E-01 3.520E-01
  68060.01 7.099E-01 3.426E-01
  68083.17 7.144E-01 3.363E-01
  68106.34 7.165E-01 3.333E-01
  68129.51 7.156E-01 3.346E-01
  68152.70 7.118E-01 3.400E-01
  68175.89 7.045E-01 3.503E-01
  68199.09 6.946E-01 3.645E-01
  68222.30 6.813E-01 3.838E-01
  68245.51 6.649E-01 4.082E-01
  68268.74 6.459E-01 4.372E-01
  68291.97 6.262E-01 4.680E-01
  68315.21 6.061E-01 5.008E-01
  68338.45 5.864E-01 5.338E-01
  68361.71 5.676E-01 5.664E-01
  68384.97 5.506E-01 5.967E-01
  68408.24 5.363E-01 6.230E-01
  68431.52 5.245E-01 6.453E-01
  68454.81 5.157E-01 6.622E-01
  68478.10 5.113E-01 6.708E-01
  68501.41 5.106E-01 6.722E-01
  68524.72 5.135E-01 6.665E-01
  68548.04 5.204E-01 6.532E-01
  68571.36 5.301E-01 6.346E-01
  68594.70 5.413E-01 6.139E-01
  68618.04 5.525E-01 5.934E-01
  68641.39 5.628E-01 5.748E-01
  68664.75 5.722E-01 5.583E-01
  68688.11 5.813E-01 5.425E-01
  68711.49 5.902E-01 5.272E-01
  68734.87 6.009E-01 5.094E-01
  68758.26 6.126E-01 4.900E-01
  68781.66 6.262E-01 4.681E-01
  68805.06 6.407E-01 4.453E-01
  68828.48 6.553E-01 4.226E-01
  68851.90 6.687E-01 4.024E-01
  68875.33 6.798E-01 3.859E-01
  68898.77 6.892E-01 3.723E-01
  68922.21 6.978E-01 3.599E-01
  68945.67 7.051E-01 3.495E-01
  68969.13 7.127E-01 3.387E-01
  68992.60 7.203E-01 3.281E-01
  69016.07 7.277E-01 3.178E-01
  69039.56 7.349E-01 3.080E-01
  69063.05 7.410E-01 2.997E-01
  69086.56 7.461E-01 2.929E-01
  69110.06 7.499E-01 2.878E-01
  69133.58 7.514E-01 2.858E-01
  69157.11 7.520E-01 2.850E-01
  69180.64 7.504E-01 2.872E-01
  69204.18 7.472E-01 2.915E-01
  69227.73 7.431E-01 2.970E-01
  69251.29 7.375E-01 3.045E-01
  69274.86 7.298E-01 3.149E-01
  69298.43 7.205E-01 3.278E-01
  69322.01 7.085E-01 3.445E-01
  69345.60 6.952E-01 3.636E-01
  69369.20 6.802E-01 3.854E-01
  69392.81 6.640E-01 4.095E-01
  69416.42 6.469E-01 4.356E-01
  69440.04 6.305E-01 4.613E-01
  69463.67 6.138E-01 4.881E-01
  69487.31 5.973E-01 5.154E-01
  69510.95 5.812E-01 5.427E-01
  69534.61 5.668E-01 5.677E-01
  69558.27 5.535E-01 5.915E-01
  69581.94 5.427E-01 6.112E-01
  69605.62 5.365E-01 6.227E-01
  69629.31 5.348E-01 6.259E-01
  69653.00 5.378E-01 6.203E-01
  69676.70 5.454E-01 6.063E-01
  69700.41 5.557E-01 5.875E-01
  69724.13 5.697E-01 5.626E-01
  69747.86 5.854E-01 5.354E-01
  69771.59 6.023E-01 5.071E-01
  69795.34 6.197E-01 4.785E-01
  69819.09 6.344E-01 4.551E-01
  69842.85 6.474E-01 4.348E-01
  69866.61 6.568E-01 4.204E-01
  69890.39 6.624E-01 4.118E-01
  69914.17 6.637E-01 4.099E-01
  69937.96 6.630E-01 4.109E-01
  69961.76 6.614E-01 4.135E-01
  69985.57 6.607E-01 4.144E-01
  70009.38 6.626E-01 4.115E-01
  70033.21 6.688E-01 4.022E-01
  70057.04 6.786E-01 3.877E-01
  70080.88 6.913E-01 3.692E-01
  70104.73 7.056E-01 3.487E-01
  70128.58 7.199E-01 3.286E-01
  70152.45 7.320E-01 3.120E-01
  70176.32 7.409E-01 2.999E-01
  70200.20 7.450E-01 2.944E-01
  70224.09 7.453E-01 2.939E-01
  70247.99 7.424E-01 2.979E-01
  70271.89 7.372E-01 3.049E-01
  70295.80 7.317E-01 3.124E-01
  70319.73 7.248E-01 3.219E-01
  70343.65 7.182E-01 3.309E-01
  70367.59 7.123E-01 3.392E-01
  70391.54 7.073E-01 3.463E-01
  70415.49 7.031E-01 3.522E-01
  70439.45 7.005E-01 3.560E-01
  70463.42 6.980E-01 3.596E-01
  70487.40 6.960E-01 3.624E-01
  70511.39 6.939E-01 3.655E-01
  70535.38 6.909E-01 3.697E-01
  70559.38 6.863E-01 3.764E-01
  70583.40 6.809E-01 3.844E-01
  70607.41 6.745E-01 3.937E-01
  70631.44 6.680E-01 4.035E-01
  70655.48 6.622E-01 4.122E-01
  70679.52 6.577E-01 4.190E-01
  70703.57 6.548E-01 4.234E-01
  70727.63 6.537E-01 4.251E-01
  70751.70 6.537E-01 4.252E-01
  70775.78 6.543E-01 4.241E-01
  70799.86 6.556E-01 4.222E-01
  70823.95 6.563E-01 4.212E-01
  70848.05 6.558E-01 4.219E-01
  70872.16 6.548E-01 4.234E-01
  70896.28 6.539E-01 4.247E-01
  70920.41 6.528E-01 4.266E-01
  70944.54 6.530E-01 4.262E-01
  70968.68 6.542E-01 4.243E-01
  70992.83 6.553E-01 4.226E-01
  71016.99 6.571E-01 4.199E-01
  71041.16 6.586E-01 4.176E-01
  71065.33 6.576E-01 4.192E-01
  71089.51 6.533E-01 4.257E-01
  71113.71 6.463E-01 4.365E-01
  71137.91 6.356E-01 4.533E-01
  71162.11 6.224E-01 4.742E-01
  71186.33 6.078E-01 4.979E-01
  71210.55 5.923E-01 5.238E-01
  71234.79 5.780E-01 5.481E-01
  71259.03 5.656E-01 5.698E-01
  71283.28 5.560E-01 5.871E-01
  71307.53 5.500E-01 5.978E-01
  71331.80 5.478E-01 6.018E-01
  71356.07 5.499E-01 5.981E-01
  71380.35 5.549E-01 5.890E-01
  71404.64 5.626E-01 5.751E-01
  71428.94 5.707E-01 5.608E-01
  71453.25 5.775E-01 5.490E-01
  71477.56 5.824E-01 5.406E-01
  71501.89 5.815E-01 5.421E-01
  71526.22 5.762E-01 5.513E-01
  71550.56 5.675E-01 5.665E-01
  71574.91 5.553E-01 5.882E-01
  71599.26 5.417E-01 6.131E-01
  71623.63 5.285E-01 6.377E-01
  71648.00 5.173E-01 6.590E-01
  71672.38 5.094E-01 6.746E-01
  71696.77 5.070E-01 6.793E-01
  71721.17 5.100E-01 6.734E-01
  71745.58 5.194E-01 6.550E-01
  71769.99 5.335E-01 6.282E-01
  71794.41 5.517E-01 5.947E-01
  71818.84 5.715E-01 5.594E-01
  71843.28 5.911E-01 5.258E-01
  71867.73 6.099E-01 4.945E-01
  71892.19 6.261E-01 4.682E-01
  71916.65 6.393E-01 4.473E-01
  71941.12 6.493E-01 4.318E-01
  71965.61 6.552E-01 4.227E-01
  71990.10 6.591E-01 4.169E-01
  72014.59 6.587E-01 4.174E-01
  72039.10 6.556E-01 4.221E-01
  72063.61 6.517E-01 4.282E-01
  72088.14 6.468E-01 4.357E-01
  72112.67 6.432E-01 4.412E-01
  72137.21 6.411E-01 4.445E-01
  72161.75 6.414E-01 4.442E-01
  72186.31 6.441E-01 4.399E-01
  72210.87 6.496E-01 4.314E-01
  72235.45 6.563E-01 4.212E-01
  72260.03 6.640E-01 4.095E-01
  72284.62 6.706E-01 3.996E-01
  72309.22 6.759E-01 3.918E-01
  72333.82 6.775E-01 3.894E-01
  72358.44 6.758E-01 3.918E-01
  72383.06 6.702E-01 4.002E-01
  72407.69 6.620E-01 4.125E-01
  72432.33 6.518E-01 4.281E-01
  72456.98 6.394E-01 4.472E-01
  72481.64 6.262E-01 4.681E-01
  72506.30 6.129E-01 4.895E-01
  72530.97 5.991E-01 5.123E-01
  72555.66 5.859E-01 5.347E-01
  72580.35 5.741E-01 5.549E-01
  72605.04 5.637E-01 5.733E-01
  72629.75 5.552E-01 5.884E-01
  72654.47 5.479E-01 6.016E-01
  72679.19 5.427E-01 6.113E-01
  72703.92 5.394E-01 6.174E-01
  72728.66 5.382E-01 6.194E-01
  72753.41 5.383E-01 6.194E-01
  72778.17 5.405E-01 6.153E-01
  72802.94 5.432E-01 6.103E-01
  72827.71 5.463E-01 6.047E-01
  72852.49 5.479E-01 6.017E-01
  72877.28 5.492E-01 5.994E-01
  72902.08 5.487E-01 6.002E-01
  72926.89 5.480E-01 6.015E-01
  72951.71 5.477E-01 6.020E-01
  72976.53 5.487E-01 6.002E-01
  73001.37 5.519E-01 5.943E-01
  73026.21 5.591E-01 5.814E-01
  73051.06 5.696E-01 5.628E-01
  73075.92 5.831E-01 5.393E-01
  73100.78 5.985E-01 5.133E-01
  73125.66 6.150E-01 4.862E-01
  73150.54 6.310E-01 4.605E-01
  73175.44 6.435E-01 4.409E-01
  73200.34 6.525E-01 4.269E-01
  73225.25 6.572E-01 4.197E-01
  73250.17 6.588E-01 4.174E-01
  73275.09 6.575E-01 4.193E-01
  73300.03 6.556E-01 4.222E-01
  73324.97 6.544E-01 4.241E-01
  73349.92 6.535E-01 4.254E-01
  73374.88 6.539E-01 4.248E-01
  73399.85 6.542E-01 4.243E-01
  73424.83 6.522E-01 4.273E-01
  73449.82 6.475E-01 4.346E-01
  73474.81 6.387E-01 4.484E-01
  73499.81 6.264E-01 4.678E-01
  73524.82 6.098E-01 4.945E-01
  73549.84 5.917E-01 5.248E-01
  73574.87 5.742E-01 5.548E-01
  73599.91 5.592E-01 5.812E-01
  73624.96 5.473E-01 6.027E-01
  73650.01 5.406E-01 6.151E-01
  73675.07 5.399E-01 6.164E-01
  73700.14 5.435E-01 6.097E-01
  73725.22 5.518E-01 5.945E-01
  73750.31 5.633E-01 5.739E-01
  73775.41 5.760E-01 5.517E-01
  73800.51 5.891E-01 5.292E-01
  73825.63 6.011E-01 5.089E-01
  73850.75 6.123E-01 4.905E-01
  73875.88 6.220E-01 4.748E-01
  73901.02 6.311E-01 4.602E-01
  73926.17 6.404E-01 4.456E-01
  73951.32 6.493E-01 4.318E-01
  73976.49 6.576E-01 4.191E-01
  74001.66 6.651E-01 4.079E-01
  74026.84 6.728E-01 3.963E-01
  74052.03 6.792E-01 3.869E-01
  74077.23 6.831E-01 3.811E-01
  74102.44 6.833E-01 3.808E-01
  74127.66 6.801E-01 3.855E-01
  74152.88 6.720E-01 3.974E-01
  74178.12 6.594E-01 4.164E-01
  74203.36 6.435E-01 4.408E-01
  74228.61 6.251E-01 4.698E-01
  74253.87 6.067E-01 4.997E-01
  74279.14 5.906E-01 5.266E-01
  74304.41 5.783E-01 5.477E-01
  74329.70 5.696E-01 5.628E-01
  74354.99 5.658E-01 5.695E-01
  74380.30 5.653E-01 5.704E-01
  74405.61 5.669E-01 5.675E-01
  74430.93 5.700E-01 5.621E-01
  74456.26 5.734E-01 5.562E-01
  74481.59 5.776E-01 5.488E-01
  74506.94 5.821E-01 5.411E-01
  74532.29 5.865E-01 5.337E-01
  74557.65 5.918E-01 5.245E-01
  74583.03 5.977E-01 5.146E-01
  74608.41 6.023E-01 5.070E-01
  74633.79 6.046E-01 5.031E-01
  74659.19 6.052E-01 5.023E-01
  74684.60 6.051E-01 5.024E-01
  74710.01 6.029E-01 5.059E-01
  74735.44 5.976E-01 5.148E-01
  74760.87 5.902E-01 5.273E-01
  74786.31 5.793E-01 5.459E-01
  74811.76 5.645E-01 5.717E-01
  74837.22 5.473E-01 6.028E-01
  74862.68 5.289E-01 6.370E-01
  74888.16 5.122E-01 6.690E-01
  74913.64 5.011E-01 6.909E-01
  74939.13 4.977E-01 6.977E-01
  74964.64 5.048E-01 6.836E-01
  74990.15 5.212E-01 6.516E-01
  75015.66 5.461E-01 6.049E-01
  75041.19 5.767E-01 5.504E-01
  75066.73 6.087E-01 4.964E-01
  75092.27 6.398E-01 4.466E-01
  75117.82 6.674E-01 4.044E-01
  75143.39 6.890E-01 3.725E-01
  75168.96 7.043E-01 3.506E-01
  75194.54 7.129E-01 3.384E-01
  75220.13 7.164E-01 3.335E-01
  75245.72 7.160E-01 3.341E-01
  75271.33 7.118E-01 3.400E-01
  75296.94 7.059E-01 3.483E-01
  75322.56 6.991E-01 3.580E-01
  75348.20 6.917E-01 3.686E-01
  75373.84 6.843E-01 3.793E-01
  75399.49 6.771E-01 3.899E-01
  75425.14 6.695E-01 4.013E-01
  75450.81 6.626E-01 4.115E-01
  75476.49 6.572E-01 4.197E-01
  75502.17 6.546E-01 4.237E-01
  75527.86 6.554E-01 4.225E-01
  75553.56 6.601E-01 4.154E-01
  75579.27 6.686E-01 4.026E-01
  75604.99 6.799E-01 3.858E-01
  75630.72 6.926E-01 3.673E-01
  75656.46 7.048E-01 3.498E-01
  75682.20 7.155E-01 3.348E-01
  75707.96 7.229E-01 3.245E-01
  75733.72 7.265E-01 3.195E-01
  75759.49 7.258E-01 3.205E-01
  75785.27 7.212E-01 3.269E-01
  75811.06 7.140E-01 3.369E-01
  75836.86 7.053E-01 3.491E-01
  75862.67 6.954E-01 3.633E-01
  75888.48 6.849E-01 3.785E-01
  75914.31 6.737E-01 3.950E-01
  75940.14 6.618E-01 4.128E-01
  75965.98 6.494E-01 4.317E-01
  75991.83 6.369E-01 4.511E-01
  76017.69 6.250E-01 4.700E-01
  76043.56 6.140E-01 4.878E-01
  76069.44 6.046E-01 5.032E-01
  76095.32 5.969E-01 5.161E-01
  76121.22 5.910E-01 5.260E-01
  76147.12 5.874E-01 5.321E-01
  76173.03 5.848E-01 5.364E-01
  76198.95 5.837E-01 5.383E-01
  76224.88 5.831E-01 5.393E-01
  76250.82 5.834E-01 5.389E-01
  76276.77 5.840E-01 5.379E-01
  76302.73 5.840E-01 5.379E-01
  76328.69 5.830E-01 5.396E-01
  76354.67 5.801E-01 5.445E-01
  76380.65 5.747E-01 5.540E-01
  76406.64 5.667E-01 5.680E-01
  76432.64 5.558E-01 5.874E-01
  76458.65 5.437E-01 6.094E-01
  76484.67 5.312E-01 6.327E-01
  76510.70 5.204E-01 6.532E-01
  76536.73 5.121E-01 6.693E-01
  76562.78 5.084E-01 6.765E-01
  76588.83 5.091E-01 6.751E-01
  76614.89 5.145E-01 6.646E-01
  76640.97 5.218E-01 6.504E-01
  76667.05 5.303E-01 6.344E-01
  76693.13 5.386E-01 6.189E-01
  76719.23 5.452E-01 6.066E-01
  76745.34 5.493E-01 5.990E-01
  76771.46 5.507E-01 5.965E-01
  76797.58 5.505E-01 5.970E-01
  76823.71 5.494E-01 5.989E-01
  76849.86 5.477E-01 6.020E-01
  76876.01 5.464E-01 6.045E-01
  76902.17 5.461E-01 6.049E-01
  76928.34 5.466E-01 6.041E-01
  76954.52 5.479E-01 6.017E-01
  76980.70 5.489E-01 5.998E-01
  77006.90 5.497E-01 5.985E-01
  77033.10 5.488E-01 6.001E-01
  77059.32 5.456E-01 6.059E-01
  77085.54 5.397E-01 6.168E-01
  77111.77 5.317E-01 6.316E-01
  77138.01 5.229E-01 6.483E-01
  77164.26 5.153E-01 6.631E-01
  77190.52 5.096E-01 6.741E-01
  77216.79 5.068E-01 6.797E-01
  77243.06 5.070E-01 6.793E-01
  77269.35 5.102E-01 6.729E-01
  77295.64 5.157E-01 6.623E-01
  77321.95 5.215E-01 6.511E-01
  77348.26 5.276E-01 6.393E-01
  77374.58 5.330E-01 6.292E-01
  77400.91 5.362E-01 6.233E-01
  77427.25 5.369E-01 6.220E-01
  77453.60 5.352E-01 6.250E-01
  77479.95 5.315E-01 6.321E-01
  77506.32 5.270E-01 6.406E-01
  77532.69 5.218E-01 6.504E-01
  77559.08 5.184E-01 6.570E-01
  77585.47 5.172E-01 6.593E-01
  77611.87 5.177E-01 6.583E-01
  77638.28 5.207E-01 6.526E-01
  77664.70 5.239E-01 6.465E-01
  77691.13 5.262E-01 6.422E-01
  77717.57 5.261E-01 6.422E-01
  77744.02 5.220E-01 6.500E-01
  77770.47 5.132E-01 6.670E-01
  77796.94 4.977E-01 6.978E-01
  77823.41 4.763E-01 7.416E-01
  77849.89 4.523E-01 7.933E-01
  77876.38 4.280E-01 8.487E-01
  77902.89 4.054E-01 9.028E-01
  77929.40 3.879E-01 9.470E-01
  77955.91 3.760E-01 9.781E-01
  77982.44 3.699E-01 9.944E-01
  78008.98 3.670E-01 1.002E+00
  78035.52 3.647E-01 1.009E+00
  78062.08 3.611E-01 1.019E+00
  78088.64 3.545E-01 1.037E+00
  78115.22 3.450E-01 1.064E+00
  78141.80 3.335E-01 1.098E+00
  78168.39 3.201E-01 1.139E+00
  78194.99 3.071E-01 1.181E+00
  78221.60 2.963E-01 1.216E+00
  78248.22 2.886E-01 1.243E+00
  78274.84 2.848E-01 1.256E+00
  78301.48 2.842E-01 1.258E+00
  78328.13 2.877E-01 1.246E+00
  78354.78 2.935E-01 1.226E+00
  78381.44 3.008E-01 1.201E+00
  78408.12 3.085E-01 1.176E+00
  78434.80 3.192E-01 1.142E+00
  78461.49 3.315E-01 1.104E+00
  78488.19 3.468E-01 1.059E+00
  78514.90 3.647E-01 1.009E+00
  78541.62 3.847E-01 9.554E-01
  78568.34 4.042E-01 9.058E-01
  78595.08 4.226E-01 8.612E-01
  78621.82 4.377E-01 8.263E-01
  78648.58 4.481E-01 8.028E-01
  78675.34 4.548E-01 7.879E-01
  78702.12 4.571E-01 7.828E-01
  78728.90 4.566E-01 7.840E-01
  78755.69 4.527E-01 7.925E-01
  78782.49 4.483E-01 8.022E-01
  78809.30 4.440E-01 8.118E-01
  78836.12 4.422E-01 8.159E-01
  78862.94 4.427E-01 8.149E-01
  78889.78 4.469E-01 8.053E-01
  78916.62 4.536E-01 7.905E-01
  78943.48 4.614E-01 7.736E-01
  78970.34 4.677E-01 7.600E-01
  78997.22 4.718E-01 7.512E-01
  79024.10 4.721E-01 7.505E-01
  79050.99 4.697E-01 7.556E-01
  79077.89 4.652E-01 7.653E-01
  79104.80 4.590E-01 7.786E-01
  79131.72 4.518E-01 7.945E-01
  79158.65 4.443E-01 8.113E-01
  79185.58 4.355E-01 8.314E-01
  79212.53 4.254E-01 8.548E-01
  79239.49 4.150E-01 8.795E-01
  79266.45 4.049E-01 9.041E-01
  79293.42 3.959E-01 9.265E-01
  79320.41 3.890E-01 9.441E-01
  79347.40 3.839E-01 9.574E-01
  79374.40 3.793E-01 9.694E-01
  79401.41 3.734E-01 9.851E-01
  79428.43 3.644E-01 1.010E+00
  79455.46 3.518E-01 1.045E+00
  79482.50 3.367E-01 1.088E+00
  79509.54 3.187E-01 1.144E+00
  79536.60 3.006E-01 1.202E+00
  79563.67 2.823E-01 1.265E+00
  79590.74 2.657E-01 1.325E+00
  79617.83 2.511E-01 1.382E+00
  79644.92 2.400E-01 1.427E+00
  79672.02 2.330E-01 1.457E+00
  79699.13 2.310E-01 1.465E+00
  79726.25 2.352E-01 1.448E+00
  79753.39 2.445E-01 1.408E+00
  79780.52 2.580E-01 1.355E+00
  79807.67 2.737E-01 1.296E+00
  79834.83 2.900E-01 1.238E+00
  79862.00 3.043E-01 1.190E+00
  79889.17 3.181E-01 1.145E+00
  79916.36 3.303E-01 1.108E+00
  79943.56 3.418E-01 1.074E+00
  79970.76 3.517E-01 1.045E+00
  79997.97 3.602E-01 1.021E+00
  80025.20 3.678E-01 1.000E+00
  80052.43 3.731E-01 9.860E-01
  80079.67 3.757E-01 9.789E-01
  80106.92 3.748E-01 9.814E-01
  80134.18 3.717E-01 9.898E-01
  80161.45 3.681E-01 9.993E-01
  80188.73 3.656E-01 1.006E+00
  80216.01 3.653E-01 1.007E+00
  80243.31 3.698E-01 9.948E-01
  80270.62 3.789E-01 9.706E-01
  80297.93 3.926E-01 9.351E-01
  80325.26 4.100E-01 8.916E-01
  80352.59 4.282E-01 8.482E-01
  80379.94 4.456E-01 8.083E-01
  80407.29 4.603E-01 7.758E-01
  80434.65 4.708E-01 7.533E-01
  80462.02 4.763E-01 7.417E-01
  80489.40 4.770E-01 7.402E-01
  80516.79 4.731E-01 7.484E-01
  80544.19 4.653E-01 7.651E-01
  80571.60 4.537E-01 7.903E-01
  80599.02 4.396E-01 8.220E-01
  80626.44 4.230E-01 8.604E-01
  80653.88 4.070E-01 8.990E-01
  80681.33 3.918E-01 9.371E-01
  80708.78 3.806E-01 9.661E-01
  80736.25 3.746E-01 9.820E-01
  80763.72 3.739E-01 9.838E-01
  80791.20 3.775E-01 9.741E-01
  80818.70 3.846E-01 9.555E-01
  80846.20 3.933E-01 9.332E-01
  80873.71 4.019E-01 9.117E-01
  80901.23 4.100E-01 8.916E-01
  80928.76 4.177E-01 8.729E-01
  80956.30 4.246E-01 8.566E-01
  80983.85 4.300E-01 8.439E-01
  81011.41 4.334E-01 8.360E-01
  81038.98 4.329E-01 8.372E-01
  81066.55 4.293E-01 8.457E-01
  81094.14 4.224E-01 8.619E-01
  81121.73 4.132E-01 8.838E-01
  81149.34 4.043E-01 9.055E-01
  81176.95 3.977E-01 9.221E-01
  81204.58 3.939E-01 9.318E-01
  81232.21 3.931E-01 9.337E-01
  81259.85 3.954E-01 9.279E-01
  81287.51 4.009E-01 9.141E-01
  81315.17 4.107E-01 8.900E-01
  81342.84 4.249E-01 8.559E-01
  81370.52 4.444E-01 8.110E-01
  81398.21 4.701E-01 7.548E-01
  81425.91 5.005E-01 6.921E-01
  81453.62 5.328E-01 6.296E-01
  81481.33 5.637E-01 5.732E-01
  81509.06 5.900E-01 5.277E-01
  81536.80 6.092E-01 4.957E-01
  81564.55 6.196E-01 4.787E-01
  81592.30 6.215E-01 4.757E-01
  81620.07 6.142E-01 4.874E-01
  81647.84 6.002E-01 5.106E-01
  81675.63 5.796E-01 5.455E-01
  81703.42 5.533E-01 5.919E-01
  81731.22 5.222E-01 6.497E-01
  81759.03 4.884E-01 7.167E-01
  81786.86 4.550E-01 7.875E-01
  81814.69 4.239E-01 8.582E-01
  81842.53 3.972E-01 9.233E-01
  81870.38 3.751E-01 9.806E-01
  81898.24 3.573E-01 1.029E+00
  81926.11 3.425E-01 1.072E+00
  81953.99 3.278E-01 1.115E+00
  81981.88 3.119E-01 1.165E+00
  82009.77 2.933E-01 1.227E+00
  82037.68 2.708E-01 1.306E+00
  82065.60 2.447E-01 1.408E+00
  82093.52 2.156E-01 1.535E+00
  82121.46 1.860E-01 1.682E+00
  82149.41 1.576E-01 1.848E+00
  82177.36 1.333E-01 2.015E+00
  82205.32 1.157E-01 2.157E+00
  82233.30 1.078E-01 2.227E+00
  82261.28 1.113E-01 2.196E+00
  82289.27 1.269E-01 2.064E+00
  82317.28 1.538E-01 1.872E+00
  82345.29 1.892E-01 1.665E+00
  82373.31 2.303E-01 1.468E+00
  82401.34 2.727E-01 1.299E+00
  82429.38 3.131E-01 1.161E+00
  82457.43 3.486E-01 1.054E+00
  82485.49 3.781E-01 9.726E-01
  82513.56 4.012E-01 9.133E-01
  82541.64 4.179E-01 8.725E-01
  82569.73 4.303E-01 8.433E-01
  82597.83 4.378E-01 8.261E-01
  82625.93 4.420E-01 8.164E-01
  82654.05 4.425E-01 8.152E-01
  82682.18 4.405E-01 8.199E-01
  82710.31 4.357E-01 8.307E-01
  82738.46 4.295E-01 8.452E-01
  82766.61 4.225E-01 8.617E-01
  82794.78 4.139E-01 8.820E-01
  82822.95 4.052E-01 9.034E-01
  82851.14 3.960E-01 9.262E-01
  82879.33 3.879E-01 9.471E-01
  82907.53 3.821E-01 9.620E-01
  82935.75 3.789E-01 9.705E-01
  82963.97 3.800E-01 9.675E-01
  82992.20 3.837E-01 9.578E-01
  83020.44 3.881E-01 9.464E-01
  83048.69 3.913E-01 9.382E-01
  83076.96 3.922E-01 9.359E-01
  83105.23 3.894E-01 9.430E-01
  83133.51 3.821E-01 9.622E-01
  83161.80 3.709E-01 9.917E-01
  83190.10 3.555E-01 1.034E+00
  83218.40 3.373E-01 1.087E+00
  83246.72 3.168E-01 1.149E+00
  83275.05 2.964E-01 1.216E+00
  83303.39 2.761E-01 1.287E+00
  83331.74 2.586E-01 1.353E+00
  83360.09 2.471E-01 1.398E+00
  83388.46 2.429E-01 1.415E+00
  83416.84 2.479E-01 1.395E+00
  83445.22 2.619E-01 1.340E+00
  83473.62 2.842E-01 1.258E+00
  83502.02 3.130E-01 1.162E+00
  83530.44 3.438E-01 1.068E+00
  83558.86 3.741E-01 9.832E-01
  83587.30 4.008E-01 9.143E-01
  83615.74 4.215E-01 8.639E-01
  83644.20 4.351E-01 8.322E-01
  83672.66 4.419E-01 8.166E-01
  83701.13 4.432E-01 8.137E-01
  83729.62 4.395E-01 8.221E-01
  83758.11 4.320E-01 8.393E-01
  83786.61 4.203E-01 8.668E-01
  83815.12 4.058E-01 9.019E-01
  83843.64 3.904E-01 9.405E-01
  83872.18 3.771E-01 9.754E-01
  83900.72 3.663E-01 1.004E+00
  83929.27 3.590E-01 1.024E+00
  83957.83 3.559E-01 1.033E+00
  83986.40 3.543E-01 1.038E+00
  84014.98 3.546E-01 1.037E+00
  84043.57 3.547E-01 1.037E+00
  84072.17 3.554E-01 1.035E+00
  84100.78 3.572E-01 1.029E+00
  84129.40 3.610E-01 1.019E+00
  84158.02 3.663E-01 1.004E+00
  84186.66 3.753E-01 9.800E-01
  84215.31 3.860E-01 9.520E-01
  84243.97 3.968E-01 9.244E-01
  84272.64 4.055E-01 9.026E-01
  84301.31 4.124E-01 8.859E-01
  84330.00 4.158E-01 8.775E-01
  84358.70 4.172E-01 8.741E-01
  84387.40 4.150E-01 8.794E-01
  84416.12 4.104E-01 8.907E-01
  84444.85 4.021E-01 9.110E-01
  84473.58 3.916E-01 9.375E-01
  84502.33 3.794E-01 9.693E-01
  84531.08 3.652E-01 1.007E+00
  84559.85 3.514E-01 1.046E+00
  84588.62 3.381E-01 1.084E+00
  84617.41 3.269E-01 1.118E+00
  84646.20 3.182E-01 1.145E+00
  84675.01 3.130E-01 1.161E+00
  84703.82 3.109E-01 1.168E+00
  84732.65 3.134E-01 1.160E+00
  84761.48 3.189E-01 1.143E+00
  84790.32 3.279E-01 1.115E+00
  84819.18 3.386E-01 1.083E+00
  84848.04 3.495E-01 1.051E+00
  84876.91 3.580E-01 1.027E+00
  84905.80 3.637E-01 1.011E+00
  84934.69 3.653E-01 1.007E+00
  84963.59 3.641E-01 1.010E+00
  84992.51 3.611E-01 1.019E+00
  85021.43 3.587E-01 1.025E+00
  85050.36 3.589E-01 1.025E+00
  85079.30 3.627E-01 1.014E+00
  85108.25 3.717E-01 9.898E-01
  85137.22 3.836E-01 9.582E-01
  85166.19 3.975E-01 9.225E-01
  85195.17 4.098E-01 8.921E-01
  85224.16 4.188E-01 8.705E-01
  85253.16 4.243E-01 8.573E-01
  85282.17 4.263E-01 8.525E-01
  85311.19 4.254E-01 8.547E-01
  85340.22 4.228E-01 8.608E-01
  85369.26 4.198E-01 8.681E-01
  85398.31 4.165E-01 8.758E-01
  85427.37 4.129E-01 8.845E-01
  85456.45 4.101E-01 8.914E-01
  85485.53 4.061E-01 9.012E-01
  85514.62 4.008E-01 9.144E-01
  85543.72 3.942E-01 9.309E-01
  85572.83 3.857E-01 9.528E-01
  85601.95 3.768E-01 9.761E-01
  85631.07 3.668E-01 1.003E+00
  85660.21 3.558E-01 1.033E+00
  85689.36 3.460E-01 1.061E+00
  85718.52 3.375E-01 1.086E+00
  85747.69 3.304E-01 1.108E+00
  85776.87 3.253E-01 1.123E+00
  85806.06 3.216E-01 1.135E+00
  85835.26 3.178E-01 1.146E+00
  85864.47 3.149E-01 1.155E+00
  85893.69 3.122E-01 1.164E+00
  85922.92 3.094E-01 1.173E+00
  85952.16 3.060E-01 1.184E+00
  85981.41 3.033E-01 1.193E+00
  86010.66 3.016E-01 1.199E+00
  86039.93 3.008E-01 1.201E+00
  86069.21 3.027E-01 1.195E+00
  86098.50 3.083E-01 1.177E+00
  86127.80 3.170E-01 1.149E+00
  86157.11 3.296E-01 1.110E+00
  86186.43 3.458E-01 1.062E+00
  86215.76 3.660E-01 1.005E+00
  86245.09 3.901E-01 9.413E-01
  86274.44 4.159E-01 8.772E-01
  86303.80 4.421E-01 8.163E-01
  86333.17 4.664E-01 7.627E-01
  86362.55 4.869E-01 7.197E-01
  86391.94 5.033E-01 6.866E-01
  86421.33 5.138E-01 6.660E-01
  86450.74 5.175E-01 6.588E-01
  86480.16 5.160E-01 6.616E-01
  86509.59 5.101E-01 6.732E-01
  86539.03 5.008E-01 6.915E-01
  86568.48 4.894E-01 7.146E-01
  86597.94 4.776E-01 7.390E-01
  86627.40 4.665E-01 7.624E-01
  86656.88 4.577E-01 7.816E-01
  86686.37 4.502E-01 7.981E-01
  86715.87 4.440E-01 8.119E-01
  86745.38 4.378E-01 8.259E-01
  86774.90 4.304E-01 8.429E-01
  86804.43 4.228E-01 8.608E-01
  86833.97 4.153E-01 8.788E-01
  86863.52 4.091E-01 8.938E-01
  86893.07 4.042E-01 9.059E-01
  86922.64 4.006E-01 9.148E-01
  86952.22 3.971E-01 9.236E-01
  86981.81 3.927E-01 9.348E-01
  87011.41 3.878E-01 9.472E-01
  87041.02 3.825E-01 9.609E-01
  87070.64 3.757E-01 9.791E-01
  87100.27 3.687E-01 9.976E-01
  87129.91 3.621E-01 1.016E+00
  87159.56 3.563E-01 1.032E+00
  87189.22 3.515E-01 1.046E+00
  87218.89 3.468E-01 1.059E+00
  87248.57 3.435E-01 1.069E+00
  87278.26 3.418E-01 1.073E+00
  87307.96 3.419E-01 1.073E+00
  87337.67 3.463E-01 1.060E+00
  87367.39 3.561E-01 1.033E+00
  87397.12 3.698E-01 9.949E-01
  87426.86 3.875E-01 9.481E-01
  87456.61 4.070E-01 8.990E-01
  87486.37 4.268E-01 8.515E-01
  87516.14 4.454E-01 8.088E-01
  87545.92 4.606E-01 7.753E-01
  87575.71 4.717E-01 7.514E-01
  87605.52 4.786E-01 7.368E-01
  87635.33 4.827E-01 7.284E-01
  87665.15 4.845E-01 7.246E-01
  87694.98 4.839E-01 7.258E-01
  87724.82 4.810E-01 7.318E-01
  87754.68 4.763E-01 7.417E-01
  87784.54 4.704E-01 7.541E-01
  87814.41 4.642E-01 7.674E-01
  87844.29 4.569E-01 7.833E-01
  87874.19 4.485E-01 8.019E-01
  87904.09 4.397E-01 8.217E-01
  87934.00 4.292E-01 8.459E-01
  87963.92 4.185E-01 8.711E-01
  87993.86 4.085E-01 8.953E-01
  88023.80 4.001E-01 9.160E-01
  88053.76 3.940E-01 9.313E-01
  88083.72 3.902E-01 9.411E-01
  88113.69 3.880E-01 9.469E-01
  88143.68 3.878E-01 9.473E-01
  88173.67 3.884E-01 9.458E-01
  88203.68 3.902E-01 9.411E-01
  88233.69 3.925E-01 9.352E-01
  88263.72 3.974E-01 9.228E-01
  88293.75 4.052E-01 9.034E-01
  88323.80 4.160E-01 8.772E-01
  88353.86 4.267E-01 8.517E-01
  88383.92 4.370E-01 8.279E-01
  88414.00 4.434E-01 8.133E-01
  88444.08 4.440E-01 8.120E-01
  88474.18 4.397E-01 8.216E-01
  88504.29 4.300E-01 8.439E-01
  88534.41 4.186E-01 8.708E-01
  88564.53 4.075E-01 8.977E-01
  88594.67 3.999E-01 9.165E-01
  88624.82 3.977E-01 9.222E-01
  88654.98 4.019E-01 9.116E-01
  88685.15 4.106E-01 8.902E-01
  88715.33 4.227E-01 8.612E-01
  88745.51 4.351E-01 8.321E-01
  88775.71 4.458E-01 8.080E-01
  88805.92 4.524E-01 7.931E-01
  88836.14 4.563E-01 7.847E-01
  88866.37 4.558E-01 7.858E-01
  88896.61 4.534E-01 7.910E-01
  88926.87 4.502E-01 7.980E-01
  88957.13 4.482E-01 8.025E-01
  88987.40 4.470E-01 8.053E-01
  89017.68 4.464E-01 8.066E-01
  89047.97 4.454E-01 8.089E-01
  89078.27 4.429E-01 8.145E-01
  89108.59 4.395E-01 8.220E-01
  89138.91 4.347E-01 8.331E-01
  89169.24 4.294E-01 8.455E-01
  89199.59 4.236E-01 8.589E-01
  89229.94 4.185E-01 8.711E-01
  89260.30 4.137E-01 8.826E-01
  89290.68 4.093E-01 8.932E-01
  89321.06 4.050E-01 9.040E-01
  89351.46 4.001E-01 9.161E-01
  89381.87 3.931E-01 9.336E-01
  89412.28 3.844E-01 9.559E-01
  89442.71 3.726E-01 9.872E-01
  89473.14 3.588E-01 1.025E+00
  89503.59 3.449E-01 1.064E+00
  89534.05 3.329E-01 1.100E+00
  89564.52 3.242E-01 1.126E+00
  89594.99 3.194E-01 1.141E+00
  89625.48 3.206E-01 1.138E+00
  89655.98 3.281E-01 1.115E+00
  89686.49 3.397E-01 1.080E+00
  89717.01 3.542E-01 1.038E+00
  89747.54 3.687E-01 9.977E-01
  89778.08 3.811E-01 9.648E-01
  89808.63 3.894E-01 9.433E-01
  89839.19 3.916E-01 9.374E-01
  89869.77 3.873E-01 9.486E-01
  89900.35 3.750E-01 9.807E-01
  89930.94 3.545E-01 1.037E+00
  89961.54 3.269E-01 1.118E+00
  89992.16 2.933E-01 1.226E+00
  90022.78 2.552E-01 1.366E+00
  90053.41 2.158E-01 1.533E+00
  90084.06 1.789E-01 1.721E+00
  90114.71 1.465E-01 1.921E+00
  90145.38 1.225E-01 2.099E+00
  90176.05 1.100E-01 2.207E+00
  90206.74 1.103E-01 2.204E+00
  90237.44 1.221E-01 2.103E+00
  90268.14 1.436E-01 1.941E+00
  90298.86 1.735E-01 1.752E+00
  90329.59 2.086E-01 1.568E+00
  90360.33 2.451E-01 1.406E+00
  90391.08 2.802E-01 1.272E+00
  90421.84 3.116E-01 1.166E+00
  90452.61 3.379E-01 1.085E+00
  90483.39 3.596E-01 1.023E+00
  90514.18 3.769E-01 9.758E-01
  90544.98 3.895E-01 9.430E-01
  90575.79 3.966E-01 9.249E-01
  90606.61 3.985E-01 9.200E-01
  90637.45 3.939E-01 9.315E-01
  90668.29 3.829E-01 9.600E-01
  90699.14 3.672E-01 1.002E+00
  90730.01 3.490E-01 1.053E+00
  90760.88 3.291E-01 1.111E+00
  90791.77 3.091E-01 1.174E+00
  90822.66 2.900E-01 1.238E+00
  90853.57 2.726E-01 1.300E+00
  90884.49 2.560E-01 1.363E+00
  90915.41 2.405E-01 1.425E+00
  90946.35 2.268E-01 1.484E+00
  90977.30 2.171E-01 1.528E+00
  91008.26 2.122E-01 1.550E+00
  91039.23 2.130E-01 1.546E+00
  91070.21 2.194E-01 1.517E+00
  91101.20 2.294E-01 1.472E+00
  91132.20 2.403E-01 1.426E+00
  91163.21 2.487E-01 1.391E+00
  91194.23 2.518E-01 1.379E+00
  91225.27 2.455E-01 1.404E+00
  91256.31 2.302E-01 1.469E+00
  91287.36 2.059E-01 1.580E+00
  91318.43 1.748E-01 1.744E+00
  91349.50 1.409E-01 1.960E+00
  91380.59 1.083E-01 2.223E+00
  91411.68 7.965E-02 2.530E+00
  91442.79 5.718E-02 2.861E+00
  91473.91 4.262E-02 3.155E+00
  91505.04 3.680E-02 3.302E+00
  91536.17 3.915E-02 3.240E+00
  91567.32 4.888E-02 3.018E+00
  91598.48 6.615E-02 2.716E+00
  91629.65 8.910E-02 2.418E+00
  91660.83 1.171E-01 2.145E+00
  91692.03 1.480E-01 1.910E+00
  91723.23 1.799E-01 1.715E+00
  91754.44 2.107E-01 1.557E+00
  91785.66 2.389E-01 1.432E+00
  91816.90 2.632E-01 1.335E+00
  91848.14 2.829E-01 1.263E+00
  91879.40 2.982E-01 1.210E+00
  91910.66 3.094E-01 1.173E+00
  91941.94 3.169E-01 1.149E+00
  91973.23 3.214E-01 1.135E+00
  92004.53 3.236E-01 1.128E+00
  92035.83 3.234E-01 1.129E+00
  92067.15 3.225E-01 1.132E+00
  92098.48 3.198E-01 1.140E+00
  92129.82 3.161E-01 1.152E+00
  92161.17 3.118E-01 1.165E+00
  92192.54 3.073E-01 1.180E+00
  92223.91 3.020E-01 1.197E+00
  92255.29 2.971E-01 1.214E+00
  92286.69 2.912E-01 1.234E+00
  92318.09 2.852E-01 1.255E+00
  92349.50 2.778E-01 1.281E+00
  92380.93 2.690E-01 1.313E+00
  92412.37 2.575E-01 1.357E+00
  92443.81 2.431E-01 1.414E+00
  92475.27 2.255E-01 1.489E+00
  92506.74 2.039E-01 1.590E+00
  92538.22 1.790E-01 1.720E+00
  92569.71 1.517E-01 1.886E+00
  92601.21 1.234E-01 2.093E+00
  92632.72 9.554E-02 2.348E+00
  92664.25 7.079E-02 2.648E+00
  92695.78 4.971E-02 3.002E+00
  92727.32 3.468E-02 3.362E+00
  92758.88 2.560E-02 3.665E+00
  92790.44 2.264E-02 3.788E+00
  92822.02 2.599E-02 3.650E+00
  92853.60 3.522E-02 3.346E+00
  92885.20 5.048E-02 2.986E+00
  92916.81 7.174E-02 2.635E+00
  92948.43 9.790E-02 2.324E+00
  92980.06 1.278E-01 2.057E+00
  93011.70 1.601E-01 1.832E+00
  93043.35 1.931E-01 1.644E+00
  93075.01 2.249E-01 1.492E+00
  93106.68 2.535E-01 1.373E+00
  93138.37 2.775E-01 1.282E+00
  93170.06 2.960E-01 1.217E+00
  93201.77 3.088E-01 1.175E+00
  93233.48 3.158E-01 1.153E+00
  93265.21 3.179E-01 1.146E+00
  93296.95 3.160E-01 1.152E+00
  93328.70 3.118E-01 1.165E+00
  93360.45 3.062E-01 1.184E+00
  93392.22 3.004E-01 1.203E+00
  93424.00 2.947E-01 1.222E+00
  93455.80 2.889E-01 1.242E+00
  93487.60 2.825E-01 1.264E+00
  93519.41 2.740E-01 1.295E+00
  93551.24 2.626E-01 1.337E+00
  93583.07 2.477E-01 1.395E+00
  93614.92 2.295E-01 1.472E+00
  93646.77 2.085E-01 1.568E+00
  93678.64 1.854E-01 1.685E+00
  93710.52 1.616E-01 1.823E+00
  93742.41 1.377E-01 1.983E+00
  93774.31 1.146E-01 2.166E+00
  93806.22 9.257E-02 2.380E+00
  93838.14 7.222E-02 2.628E+00
  93870.07 5.418E-02 2.915E+00
  93902.02 3.890E-02 3.247E+00
  93933.97 2.700E-02 3.612E+00
  93965.93 1.856E-02 3.987E+00
  93997.91 1.404E-02 4.266E+00
  94029.90 1.355E-02 4.301E+00
  94061.89 1.686E-02 4.083E+00
  94093.90 2.475E-02 3.699E+00
  94125.92 3.665E-02 3.306E+00
  94157.95 5.357E-02 2.927E+00
  94189.99 7.423E-02 2.601E+00
  94222.05 9.778E-02 2.325E+00
  94254.11 1.231E-01 2.095E+00
  94286.18 1.481E-01 1.910E+00
  94318.27 1.715E-01 1.763E+00
  94350.36 1.919E-01 1.651E+00
  94382.47 2.097E-01 1.562E+00
  94414.59 2.239E-01 1.497E+00
  94446.72 2.350E-01 1.448E+00
  94478.86 2.431E-01 1.414E+00
  94511.01 2.486E-01 1.392E+00
  94543.17 2.516E-01 1.380E+00
  94575.34 2.516E-01 1.380E+00
  94607.52 2.500E-01 1.386E+00
  94639.72 2.466E-01 1.400E+00
  94671.92 2.420E-01 1.419E+00
  94704.14 2.370E-01 1.440E+00
  94736.37 2.309E-01 1.466E+00
  94768.60 2.236E-01 1.498E+00
  94800.85 2.137E-01 1.543E+00
  94833.11 2.005E-01 1.607E+00
  94865.38 1.834E-01 1.696E+00
  94897.67 1.625E-01 1.817E+00
  94929.96 1.391E-01 1.973E+00
  94962.26 1.142E-01 2.170E+00
  94994.58 8.997E-02 2.408E+00
  95026.90 6.732E-02 2.698E+00
  95059.24 4.855E-02 3.025E+00
  95091.59 3.337E-02 3.400E+00
  95123.95 2.192E-02 3.820E+00
  95156.32 1.361E-02 4.297E+00
  95188.70 8.408E-03 4.779E+00
  95221.09 6.095E-03 5.100E+00
  95253.49 5.440E-03 5.214E+00
  95285.91 7.311E-03 4.918E+00
  95318.33 1.138E-02 4.476E+00
  95350.77 1.793E-02 4.021E+00
  95383.22 2.701E-02 3.611E+00
  95415.68 3.915E-02 3.240E+00
  95448.14 5.380E-02 2.922E+00
  95480.62 7.083E-02 2.647E+00
  95513.12 8.926E-02 2.416E+00
  95545.62 1.084E-01 2.222E+00
  95578.13 1.272E-01 2.062E+00
  95610.66 1.451E-01 1.930E+00
  95643.19 1.615E-01 1.823E+00
  95675.74 1.767E-01 1.733E+00
  95708.30 1.911E-01 1.655E+00
  95740.87 2.050E-01 1.585E+00
  95773.45 2.190E-01 1.519E+00
  95806.04 2.322E-01 1.460E+00
  95838.64 2.439E-01 1.411E+00
  95871.25 2.526E-01 1.376E+00
  95903.88 2.569E-01 1.359E+00
  95936.51 2.552E-01 1.366E+00
  95969.16 2.471E-01 1.398E+00
  96001.82 2.328E-01 1.458E+00
  96034.48 2.131E-01 1.546E+00
  96067.16 1.893E-01 1.664E+00
  96099.85 1.635E-01 1.811E+00
  96132.56 1.369E-01 1.989E+00
  96165.27 1.110E-01 2.198E+00
  96197.99 8.680E-02 2.444E+00
  96230.73 6.553E-02 2.725E+00
  96263.48 4.740E-02 3.049E+00
  96296.23 3.295E-02 3.413E+00
  96329.00 2.189E-02 3.822E+00
  96361.78 1.424E-02 4.251E+00
  96394.57 9.835E-03 4.622E+00
  96427.38 8.107E-03 4.815E+00
  96460.19 9.569E-03 4.649E+00
  96493.01 1.387E-02 4.278E+00
  96525.85 2.118E-02 3.855E+00
  96558.70 3.209E-02 3.439E+00
  96591.56 4.664E-02 3.065E+00
  96624.43 6.457E-02 2.740E+00
  96657.31 8.510E-02 2.464E+00
  96690.20 1.079E-01 2.226E+00
  96723.10 1.315E-01 2.029E+00
  96756.01 1.540E-01 1.871E+00
  96788.94 1.750E-01 1.743E+00
  96821.88 1.930E-01 1.645E+00
  96854.82 2.073E-01 1.574E+00
  96887.78 2.177E-01 1.524E+00
  96920.75 2.246E-01 1.493E+00
  96953.74 2.277E-01 1.480E+00
  96986.73 2.274E-01 1.481E+00
  97019.73 2.238E-01 1.497E+00
  97052.75 2.165E-01 1.530E+00
  97085.77 2.057E-01 1.581E+00
  97118.81 1.914E-01 1.653E+00
  97151.86 1.741E-01 1.748E+00
  97184.92 1.547E-01 1.866E+00
  97217.99 1.341E-01 2.009E+00
  97251.07 1.134E-01 2.177E+00
  97284.17 9.328E-02 2.372E+00
  97317.27 7.490E-02 2.592E+00
  97350.39 5.799E-02 2.847E+00
  97383.52 4.353E-02 3.134E+00
  97416.66 3.161E-02 3.454E+00
  97449.81 2.186E-02 3.823E+00
  97482.97 1.482E-02 4.212E+00
  97516.14 1.060E-02 4.547E+00
  97549.32 9.127E-03 4.697E+00
  97582.52 1.025E-02 4.580E+00
  97615.73 1.492E-02 4.205E+00
  97648.94 2.283E-02 3.780E+00
  97682.17 3.446E-02 3.368E+00
  97715.41 5.034E-02 2.989E+00
  97748.66 6.985E-02 2.661E+00
  97781.93 9.188E-02 2.387E+00
  97815.20 1.159E-01 2.155E+00
  97848.49 1.406E-01 1.962E+00
  97881.79 1.650E-01 1.802E+00
  97915.09 1.881E-01 1.671E+00
  97948.41 2.095E-01 1.563E+00
  97981.74 2.286E-01 1.476E+00
  98015.09 2.450E-01 1.407E+00
  98048.44 2.578E-01 1.355E+00
  98081.81 2.660E-01 1.324E+00
  98115.18 2.685E-01 1.315E+00
  98148.57 2.647E-01 1.329E+00
  98181.97 2.544E-01 1.369E+00
  98215.38 2.384E-01 1.434E+00
  98248.80 2.178E-01 1.524E+00
  98282.24 1.941E-01 1.639E+00
  98315.68 1.690E-01 1.778E+00
  98349.14 1.435E-01 1.941E+00
  98382.60 1.187E-01 2.131E+00
  98416.08 9.563E-02 2.347E+00
  98449.57 7.492E-02 2.591E+00
  98483.07 5.644E-02 2.875E+00
  98516.59 4.095E-02 3.195E+00
  98550.11 2.842E-02 3.561E+00
  98583.65 1.877E-02 3.975E+00
  98617.20 1.190E-02 4.431E+00
  98650.75 7.117E-03 4.945E+00
  98684.32 4.104E-03 5.496E+00
  98717.91 2.226E-03 6.107E+00
  98751.50 1.351E-03 6.607E+00
  98785.10 9.919E-04 6.916E+00
  98818.72 8.675E-04 7.050E+00
  98852.35 8.870E-04 7.028E+00
  98885.99 9.122E-04 7.000E+00
  98919.64 8.713E-04 7.046E+00
  98953.30 7.748E-04 7.163E+00
  98986.97 6.660E-04 7.314E+00
  99020.65 5.754E-04 7.460E+00
  99054.35 5.793E-04 7.454E+00
  99088.06 7.801E-04 7.156E+00
  99121.78 1.467E-03 6.524E+00
  99155.51 2.450E-03 6.012E+00
  99189.25 4.242E-03 5.463E+00
  99223.00 6.870E-03 4.981E+00
  99256.77 1.038E-02 4.568E+00
  99290.54 1.478E-02 4.214E+00
  99324.33 1.985E-02 3.920E+00
  99358.13 2.515E-02 3.683E+00
  99391.94 3.006E-02 3.505E+00
  99425.76 3.388E-02 3.385E+00
  99459.60 3.599E-02 3.324E+00
  99493.44 3.602E-02 3.324E+00
  99527.30 3.395E-02 3.383E+00
  99561.17 3.010E-02 3.503E+00
  99595.05 2.511E-02 3.685E+00
  99628.94 1.984E-02 3.920E+00
  99662.84 1.509E-02 4.193E+00
  99696.76 1.175E-02 4.444E+00
  99730.68 1.039E-02 4.567E+00
  99764.62 1.151E-02 4.465E+00
  99798.57 1.584E-02 4.145E+00
  99832.53 2.387E-02 3.735E+00
  99866.50 3.604E-02 3.323E+00
  99900.49 5.213E-02 2.954E+00
  99934.48 7.238E-02 2.626E+00
  99968.49 9.583E-02 2.345E+00
 100002.51 1.211E-01 2.112E+00
 100036.54 1.471E-01 1.917E+00
 100070.58 1.717E-01 1.762E+00
 100104.63 1.943E-01 1.638E+00
 100138.70 2.134E-01 1.545E+00
 100172.77 2.283E-01 1.477E+00
 100206.86 2.387E-01 1.433E+00
 100240.96 2.445E-01 1.409E+00
 100275.07 2.459E-01 1.403E+00
 100309.20 2.433E-01 1.414E+00
 100343.33 2.368E-01 1.441E+00
 100377.48 2.266E-01 1.485E+00
 100411.63 2.129E-01 1.547E+00
 100445.80 1.959E-01 1.630E+00
 100479.98 1.758E-01 1.739E+00
 100514.18 1.534E-01 1.875E+00
 100548.38 1.292E-01 2.046E+00
 100582.60 1.051E-01 2.253E+00
 100616.83 8.179E-02 2.504E+00
 100651.06 6.093E-02 2.798E+00
 100685.32 4.351E-02 3.135E+00
 100719.58 2.942E-02 3.526E+00
 100753.85 1.946E-02 3.939E+00
 100788.14 1.243E-02 4.387E+00
 100822.43 8.596E-03 4.756E+00
 100856.74 7.079E-03 4.951E+00
 100891.06 7.356E-03 4.912E+00
 100925.40 8.823E-03 4.730E+00
 100959.74 1.088E-02 4.521E+00
 100994.10 1.310E-02 4.335E+00
 101028.46 1.496E-02 4.202E+00
 101062.84 1.602E-02 4.134E+00
 101097.23 1.610E-02 4.129E+00
 101131.64 1.516E-02 4.189E+00
 101166.05 1.339E-02 4.313E+00
 101200.48 1.108E-02 4.502E+00
 101234.92 8.589E-03 4.757E+00
 101269.37 6.234E-03 5.078E+00
 101303.83 4.240E-03 5.463E+00
 101338.30 2.699E-03 5.915E+00
 101372.78 1.594E-03 6.442E+00
 101407.28 9.314E-04 6.979E+00
 101441.79 5.046E-04 7.592E+00
 101476.31 3.430E-04 7.978E+00
 101510.84 3.014E-04 8.107E+00
 101545.38 3.640E-04 7.918E+00
 101579.94 4.349E-04 7.740E+00
 101614.51 4.927E-04 7.616E+00
 101649.08 5.501E-04 7.505E+00
 101683.67 6.780E-04 7.296E+00
 101718.28 1.049E-03 6.860E+00
 101752.89 1.945E-03 6.242E+00
 101787.52 3.595E-03 5.628E+00
 101822.15 6.671E-03 5.010E+00
 101856.80 1.199E-02 4.424E+00
 101891.46 1.948E-02 3.938E+00
 101926.14 3.046E-02 3.491E+00
 101960.82 4.503E-02 3.100E+00
 101995.52 6.301E-02 2.764E+00
 102030.23 8.438E-02 2.472E+00
 102064.95 1.076E-01 2.229E+00
 102099.68 1.316E-01 2.028E+00
 102134.42 1.553E-01 1.862E+00
 102169.18 1.771E-01 1.731E+00
 102203.95 1.958E-01 1.631E+00
 102238.73 2.105E-01 1.558E+00
 102273.52 2.214E-01 1.508E+00
 102308.32 2.281E-01 1.478E+00
 102343.13 2.309E-01 1.466E+00
 102377.96 2.296E-01 1.472E+00
 102412.80 2.241E-01 1.496E+00
 102447.65 2.141E-01 1.542E+00
 102482.51 1.993E-01 1.613E+00
 102517.39 1.800E-01 1.715E+00
 102552.27 1.569E-01 1.852E+00
 102587.17 1.317E-01 2.027E+00
 102622.08 1.056E-01 2.248E+00
 102657.00 8.080E-02 2.516E+00
 102691.93 5.909E-02 2.829E+00
 102726.88 4.136E-02 3.185E+00
 102761.84 2.843E-02 3.560E+00
 102796.81 2.014E-02 3.905E+00
 102831.79 1.617E-02 4.125E+00
 102866.78 1.619E-02 4.123E+00
 102901.78 1.990E-02 3.917E+00
 102936.80 2.656E-02 3.628E+00
 102971.83 3.507E-02 3.350E+00
 103006.87 4.448E-02 3.113E+00
 103041.92 5.350E-02 2.928E+00
 103076.99 6.084E-02 2.799E+00
 103112.06 6.544E-02 2.727E+00
 103147.15 6.668E-02 2.708E+00
 103182.25 6.448E-02 2.741E+00
 103217.36 5.927E-02 2.826E+00
 103252.49 5.188E-02 2.959E+00
 103287.62 4.329E-02 3.140E+00
 103322.77 3.445E-02 3.368E+00
 103357.93 2.612E-02 3.645E+00
 103393.10 1.885E-02 3.971E+00
 103428.29 1.284E-02 4.356E+00
 103463.48 8.320E-03 4.789E+00
 103498.69 4.984E-03 5.302E+00
 103533.91 2.848E-03 5.861E+00
 103569.14 1.508E-03 6.497E+00
 103604.39 8.190E-04 7.107E+00
 103639.64 6.804E-04 7.293E+00
 103674.91 1.027E-03 6.881E+00
 103710.19 2.326E-03 6.064E+00
 103745.48 4.841E-03 5.331E+00
 103780.79 8.874E-03 4.725E+00
 103816.10 1.529E-02 4.180E+00
 103851.43 2.438E-02 3.714E+00
 103886.77 3.690E-02 3.299E+00
 103922.12 5.280E-02 2.941E+00
 103957.49 7.151E-02 2.638E+00
 103992.86 9.229E-02 2.383E+00
 104028.25 1.139E-01 2.172E+00
 104063.65 1.349E-01 2.003E+00
 104099.06 1.540E-01 1.871E+00
 104134.49 1.702E-01 1.770E+00
 104169.92 1.830E-01 1.698E+00
 104205.37 1.918E-01 1.651E+00
 104240.83 1.969E-01 1.625E+00
 104276.30 1.984E-01 1.617E+00
 104311.79 1.965E-01 1.627E+00
 104347.28 1.912E-01 1.654E+00
 104382.79 1.824E-01 1.701E+00
 104418.31 1.699E-01 1.773E+00
 104453.85 1.540E-01 1.871E+00
 104489.39 1.351E-01 2.002E+00
 104524.95 1.141E-01 2.171E+00
 104560.52 9.282E-02 2.377E+00
 104596.10 7.269E-02 2.622E+00
 104631.69 5.558E-02 2.890E+00
 104667.30 4.338E-02 3.138E+00
 104702.91 3.677E-02 3.303E+00
 104738.54 3.578E-02 3.330E+00
 104774.19 4.123E-02 3.189E+00
 104809.84 5.173E-02 2.962E+00
 104845.51 6.598E-02 2.718E+00
 104881.18 8.243E-02 2.496E+00
 104916.87 9.945E-02 2.308E+00
 104952.58 1.145E-01 2.167E+00
 104988.29 1.262E-01 2.070E+00
 105024.02 1.333E-01 2.015E+00
 105059.76 1.353E-01 2.000E+00
 105095.51 1.326E-01 2.020E+00
 105131.27 1.259E-01 2.073E+00
 105167.05 1.161E-01 2.153E+00
 105202.83 1.044E-01 2.260E+00
 105238.63 9.148E-02 2.392E+00
 105274.45 7.802E-02 2.551E+00
 105310.27 6.479E-02 2.737E+00
 105346.11 5.207E-02 2.955E+00
 105381.95 4.032E-02 3.211E+00
 105417.82 2.985E-02 3.512E+00
 105453.69 2.130E-02 3.849E+00
 105489.57 1.436E-02 4.243E+00
 105525.47 9.192E-03 4.689E+00
 105561.38 6.031E-03 5.111E+00
 105597.30 4.597E-03 5.382E+00
 105633.24 4.597E-03 5.382E+00
 105669.18 6.687E-03 5.008E+00
 105705.14 1.054E-02 4.553E+00
 105741.11 1.691E-02 4.080E+00
 105777.09 2.586E-02 3.655E+00
 105813.09 3.802E-02 3.270E+00
 105849.10 5.270E-02 2.943E+00
 105885.12 7.022E-02 2.656E+00
 105921.15 8.925E-02 2.416E+00
 105957.19 1.091E-01 2.216E+00
 105993.25 1.289E-01 2.048E+00
 106029.32 1.471E-01 1.917E+00
 106065.40 1.622E-01 1.819E+00
 106101.49 1.728E-01 1.755E+00
 106137.60 1.778E-01 1.727E+00
 106173.72 1.763E-01 1.736E+00
 106209.85 1.681E-01 1.783E+00
 106245.99 1.540E-01 1.871E+00
 106282.14 1.353E-01 2.000E+00
 106318.31 1.143E-01 2.169E+00
 106354.49 9.362E-02 2.369E+00
 106390.68 7.465E-02 2.595E+00
 106426.88 6.081E-02 2.800E+00
 106463.10 5.299E-02 2.938E+00
 106499.33 5.250E-02 2.947E+00
 106535.57 5.947E-02 2.822E+00
 106571.82 7.435E-02 2.599E+00
 106608.09 9.478E-02 2.356E+00
 106644.37 1.200E-01 2.120E+00
 106680.66 1.471E-01 1.917E+00
 106716.96 1.738E-01 1.750E+00
 106753.27 1.984E-01 1.617E+00
 106789.60 2.197E-01 1.515E+00
 106825.94 2.365E-01 1.442E+00
 106862.29 2.480E-01 1.394E+00
 106898.66 2.538E-01 1.371E+00
 106935.04 2.535E-01 1.372E+00
 106971.42 2.468E-01 1.399E+00
 107007.83 2.339E-01 1.453E+00
 107044.24 2.151E-01 1.537E+00
 107080.67 1.915E-01 1.653E+00
 107117.11 1.651E-01 1.801E+00
 107153.56 1.369E-01 1.989E+00
 107190.02 1.091E-01 2.216E+00
 107226.50 8.352E-02 2.483E+00
 107262.98 6.092E-02 2.798E+00
 107299.48 4.202E-02 3.170E+00
 107336.00 2.764E-02 3.589E+00
 107372.52 1.699E-02 4.075E+00
 107409.06 1.014E-02 4.591E+00
 107445.61 6.358E-03 5.058E+00
 107482.18 5.197E-03 5.260E+00
 107518.75 6.370E-03 5.056E+00
 107555.34 9.931E-03 4.612E+00
 107591.94 1.624E-02 4.120E+00
 107628.55 2.540E-02 3.673E+00
 107665.18 3.760E-02 3.281E+00
 107701.81 5.219E-02 2.953E+00
 107738.46 6.839E-02 2.682E+00
 107775.13 8.493E-02 2.466E+00
 107811.80 1.001E-01 2.302E+00
 107848.49 1.120E-01 2.189E+00
 107885.19 1.191E-01 2.128E+00
 107921.90 1.205E-01 2.116E+00
 107958.63 1.163E-01 2.151E+00
 107995.36 1.073E-01 2.232E+00
 108032.11 9.508E-02 2.353E+00
 108068.88 8.281E-02 2.491E+00
 108105.65 7.307E-02 2.616E+00
 108142.44 6.830E-02 2.684E+00
 108179.24 7.119E-02 2.642E+00
 108216.05 8.222E-02 2.498E+00
 108252.88 1.018E-01 2.284E+00
 108289.72 1.295E-01 2.044E+00
 108326.57 1.628E-01 1.816E+00
 108363.43 2.003E-01 1.608E+00
 108400.30 2.380E-01 1.435E+00
 108437.19 2.740E-01 1.295E+00
 108474.09 3.049E-01 1.188E+00
 108511.00 3.281E-01 1.114E+00
 108547.93 3.418E-01 1.074E+00
 108584.87 3.449E-01 1.065E+00
 108621.82 3.370E-01 1.088E+00
 108658.78 3.185E-01 1.144E+00
 108695.76 2.905E-01 1.236E+00
 108732.75 2.555E-01 1.364E+00
 108769.75 2.161E-01 1.532E+00
 108806.76 1.752E-01 1.742E+00
 108843.79 1.360E-01 1.995E+00
 108880.83 1.014E-01 2.289E+00
 108917.88 7.240E-02 2.625E+00
 108954.94 5.074E-02 2.981E+00
 108992.02 3.523E-02 3.346E+00
 109029.11 2.470E-02 3.701E+00
 109066.21 1.831E-02 4.000E+00
 109103.32 1.415E-02 4.258E+00
 109140.45 1.168E-02 4.450E+00
 109177.59 9.544E-03 4.652E+00
 109214.74 7.603E-03 4.879E+00
 109251.91 5.846E-03 5.142E+00
 109289.08 4.231E-03 5.465E+00
 109326.27 2.841E-03 5.864E+00
 109363.48 1.768E-03 6.338E+00
 109400.69 1.021E-03 6.887E+00
 109437.92 5.446E-04 7.516E+00
 109475.16 2.302E-04 8.377E+00
 109512.42 5.380E-05 9.830E+00
 109549.68 1.592E-06 1.335E+01
 109586.96 1.000E-38 2.303E+02
 109624.25 1.000E-38 2.296E+02
 109661.56 1.000E-38 2.289E+02
 109698.87 1.000E-38 2.284E+02
 109736.20 1.000E-38 2.278E+02
 109773.55 1.000E-38 2.274E+02
 109810.90 1.000E-38 2.270E+02
 109848.27 1.000E-38 2.266E+02
 109885.65 1.000E-38 2.263E+02
 109923.04 1.000E-38 2.260E+02
 109960.45 1.000E-38 2.257E+02
 109997.87 1.000E-38 2.255E+02
 110035.30 1.000E-38 2.253E+02
 110072.74 1.000E-38 2.251E+02
 110110.20 1.000E-38 2.250E+02
 110147.67 1.000E-38 2.249E+02
 110185.15 1.000E-38 2.248E+02
 110222.65 1.000E-38 2.248E+02
 110260.16 1.000E-38 2.247E+02
 110297.68 1.000E-38 2.247E+02
 110335.21 1.000E-38 2.247E+02
 110372.76 1.000E-38 2.246E+02
 110410.32 1.000E-38 2.244E+02
 110447.89 1.000E-38 2.242E+02
 110485.47 1.000E-38 2.239E+02
 110523.07 1.000E-38 2.237E+02
 110560.68 1.000E-38 2.234E+02
 110598.30 1.000E-38 2.232E+02
 110635.94 1.000E-38 2.231E+02
 110673.59 1.000E-38 2.230E+02
 110711.25 1.000E-38 2.230E+02
 110748.92 1.000E-38 2.230E+02
 110786.61 1.000E-38 2.231E+02
 110824.31 1.000E-38 2.233E+02
 110862.02 1.000E-38 2.235E+02
 110899.75 1.000E-38 2.237E+02
 110937.49 1.000E-38 2.236E+02
 110975.24 1.000E-38 2.232E+02
 111013.00 1.000E-38 2.226E+02
 111050.78 1.000E-38 2.219E+02
 111088.57 1.000E-38 2.213E+02
 111126.37 1.000E-38 2.207E+02
 111164.19 1.000E-38 2.201E+02
 111202.01 1.000E-38 2.197E+02
 111239.86 1.000E-38 2.192E+02
 111277.71 1.000E-38 2.188E+02
 111315.58 1.000E-38 2.185E+02
 111353.46 1.000E-38 2.182E+02
 111391.35 1.000E-38 2.180E+02
 111429.25 1.000E-38 2.177E+02
 111467.17 1.000E-38 2.175E+02
 111505.10 1.000E-38 2.174E+02
 111543.05 1.000E-38 2.172E+02
 111581.01 1.000E-38 2.171E+02
 111618.98 1.000E-38 2.171E+02
 111656.96 1.000E-38 2.170E+02
 111694.96 1.000E-38 2.170E+02
 111732.96 1.000E-38 2.169E+02
 111770.99 1.000E-38 2.168E+02
 111809.02 1.000E-38 2.166E+02
 111847.07 1.000E-38 2.164E+02
 111885.13 1.000E-38 2.161E+02
 111923.20 1.000E-38 2.158E+02
 111961.29 1.000E-38 2.155E+02
 111999.39 1.000E-38 2.153E+02
 112037.50 1.000E-38 2.151E+02
 112075.63 1.000E-38 2.149E+02
 112113.77 1.000E-38 2.148E+02
 112151.92 1.000E-38 2.147E+02
 112190.08 1.000E-38 2.147E+02
 112228.26 1.000E-38 2.147E+02
 112266.45 1.000E-38 2.148E+02
 112304.65 1.000E-38 2.148E+02
 112342.87 1.000E-38 2.149E+02
 112381.10 1.000E-38 2.149E+02
 112419.34 1.000E-38 2.146E+02
 112457.60 1.000E-38 2.142E+02
 112495.87 1.000E-38 2.138E+02
 112534.15 1.000E-38 2.133E+02
 112572.44 1.000E-38 2.128E+02
 112610.75 1.000E-38 2.124E+02
 112649.07 1.000E-38 2.121E+02
 112687.40 1.000E-38 2.117E+02
 112725.75 1.000E-38 2.114E+02
 112764.11 1.000E-38 2.112E+02
 112802.48 1.000E-38 2.110E+02
 112840.87 1.000E-38 2.108E+02
 112879.27 1.000E-38 2.107E+02
 112917.68 1.000E-38 2.105E+02
 112956.10 1.000E-38 2.104E+02
 112994.54 1.000E-38 2.103E+02
 113032.99 1.000E-38 2.102E+02
 113071.46 1.000E-38 2.101E+02
 113109.94 1.000E-38 2.099E+02
 113148.43 1.000E-38 2.096E+02
 113186.93 1.000E-38 2.094E+02
 113225.45 1.000E-38 2.091E+02
 113263.98 1.000E-38 2.088E+02
 113302.52 1.000E-38 2.085E+02
 113341.08 1.000E-38 2.083E+02
 113379.64 1.000E-38 2.081E+02
 113418.23 1.000E-38 2.079E+02
 113456.82 1.000E-38 2.078E+02
 113495.43 1.000E-38 2.077E+02
 113534.05 1.000E-38 2.076E+02
 113572.69 1.000E-38 2.076E+02
 113611.33 1.000E-38 2.076E+02
 113650.00 1.000E-38 2.076E+02
 113688.67 1.000E-38 2.077E+02
 113727.36 1.000E-38 2.077E+02
 113766.06 1.000E-38 2.075E+02
 113804.77 1.000E-38 2.073E+02
 113843.50 1.000E-38 2.069E+02
 113882.24 1.000E-38 2.064E+02
 113920.99 1.000E-38 2.060E+02
 113959.76 1.000E-38 2.056E+02
 113998.54 1.000E-38 2.053E+02
 114037.33 1.000E-38 2.050E+02
 114076.14 1.000E-38 2.048E+02
 114114.96 1.000E-38 2.045E+02
 114153.79 1.000E-38 2.044E+02
 114192.63 1.000E-38 2.042E+02
 114231.49 1.000E-38 2.041E+02
 114270.37 1.000E-38 2.039E+02
 114309.25 1.000E-38 2.037E+02
 114348.15 1.000E-38 2.035E+02
 114387.06 1.000E-38 2.032E+02
 114425.99 1.000E-38 2.030E+02
 114464.92 1.000E-38 2.027E+02
 114503.88 1.000E-38 2.025E+02
 114542.84 1.000E-38 2.022E+02
 114581.82 1.000E-38 2.020E+02
 114620.81 1.000E-38 2.019E+02
 114659.82 1.000E-38 2.017E+02
 114698.83 1.000E-38 2.016E+02
 114737.86 1.000E-38 2.016E+02
 114776.91 1.000E-38 2.016E+02
 114815.97 1.000E-38 2.016E+02
 114855.04 1.000E-38 2.017E+02
 114894.12 1.000E-38 2.018E+02
 114933.22 1.000E-38 2.018E+02
 114972.33 1.000E-38 2.017E+02
 115011.45 1.000E-38 2.014E+02
 115050.59 1.000E-38 2.011E+02
 115089.74 1.000E-38 2.007E+02
 115128.91 1.000E-38 2.003E+02
 115168.08 1.000E-38 1.999E+02
 115207.28 1.000E-38 1.996E+02
 115246.48 1.000E-38 1.994E+02
 115285.70 1.000E-38 1.992E+02
 115324.93 1.000E-38 1.989E+02
 115364.17 1.000E-38 1.987E+02
 115403.43 1.000E-38 1.985E+02
 115442.70 1.000E-38 1.983E+02
 115481.99 1.000E-38 1.981E+02
 115521.28 1.000E-38 1.978E+02
 115560.59 1.000E-38 1.976E+02
 115599.92 1.000E-38 1.974E+02
 115639.26 1.000E-38 1.972E+02
 115678.61 1.000E-38 1.970E+02
 115717.97 1.000E-38 1.969E+02
 115757.35 1.000E-38 1.967E+02
 115796.74 1.000E-38 1.967E+02
 115836.15 1.000E-38 1.966E+02
 115875.56 1.000E-38 1.966E+02
 115915.00 1.000E-38 1.967E+02
 115954.44 1.000E-38 1.967E+02
 115993.90 1.000E-38 1.967E+02
 116033.37 1.000E-38 1.967E+02
 116072.86 1.000E-38 1.965E+02
 116112.36 1.000E-38 1.963E+02
 116151.87 1.000E-38 1.960E+02
 116191.39 1.000E-38 1.957E+02
 116230.93 1.000E-38 1.953E+02
 116270.48 1.000E-38 1.950E+02
 116310.05 1.000E-38 1.947E+02
 116349.63 1.000E-38 1.944E+02
 116389.22 1.000E-38 1.942E+02
 116428.83 1.000E-38 1.939E+02
 116468.45 1.000E-38 1.936E+02
 116508.08 1.000E-38 1.934E+02
 116547.73 1.000E-38 1.932E+02
 116587.39 1.000E-38 1.930E+02
 116627.06 1.000E-38 1.928E+02
 116666.75 1.000E-38 1.927E+02
 116706.45 1.000E-38 1.925E+02
 116746.17 1.000E-38 1.925E+02
 116785.89 1.000E-38 1.924E+02
 116825.64 1.000E-38 1.924E+02
 116865.39 1.000E-38 1.924E+02
 116905.16 1.000E-38 1.924E+02
 116944.94 1.000E-38 1.923E+02
 116984.74 1.000E-38 1.922E+02
 117024.55 1.000E-38 1.921E+02
 117064.37 1.000E-38 1.918E+02
 117104.20 1.000E-38 1.915E+02
 117144.05 1.000E-38 1.912E+02
 117183.92 1.000E-38 1.909E+02
 117223.79 1.000E-38 1.906E+02
 117263.68 1.000E-38 1.903E+02
 117303.59 1.000E-38 1.900E+02
 117343.51 1.000E-38 1.898E+02
 117383.44 1.000E-38 1.896E+02
 117423.38 1.000E-38 1.894E+02
 117463.34 1.000E-38 1.893E+02
 117503.31 1.000E-38 1.892E+02
 117543.30 1.000E-38 1.892E+02
 117583.30 1.000E-38 1.891E+02
 117623.31 1.000E-38 1.891E+02
 117663.34 1.000E-38 1.891E+02
 117703.38 1.000E-38 1.890E+02
 117743.43 1.000E-38 1.889E+02
 117783.50 1.000E-38 1.887E+02
 117823.58 1.000E-38 1.884E+02
 117863.67 1.000E-38 1.881E+02
 117903.78 1.000E-38 1.879E+02
 117943.90 1.000E-38 1.876E+02
 117984.04 1.000E-38 1.874E+02
 118024.19 1.000E-38 1.872E+02
 118064.35 1.000E-38 1.870E+02
 118104.52 1.000E-38 1.868E+02
 118144.72 1.000E-38 1.866E+02
 118184.92 1.000E-38 1.863E+02
 118225.14 1.000E-38 1.861E+02
 118265.37 1.000E-38 1.858E+02
