y_fit, y_min, y_max, y_min2, y_max2
0.60945058719, 0.588916714971, 0.628636643835, 0.588916714971, 0.628636643835
0.810683941783, 0.783370334359, 0.836205391255, 0.783370334359, 0.836205391255
0.920877673065, 0.88985190598, 0.949868793704, 0.88985190598, 0.949868793704
0.961249460433, 0.92886416865, 0.99151240007, 0.92886416865, 0.99151240007
0.971139163668, 0.9384214605, 1.00171444134, 0.9384214605, 1.00171444134
0.972756544311, 0.939985212479, 1.00338382502, 0.939985212479, 1.00338382502
0.972931348898, 0.940155055432, 1.00356529799, 0.940155055432, 1.00356529799
0.972928965464, 0.94015374704, 1.00356408832, 0.94015374704, 1.00356408832
0.97292640765, 0.940152343034, 1.00356278977, 0.940152343034, 1.00356278977
0.972923657557, 0.940150833613, 1.00356139315, 0.940150833613, 1.00356139315
0.972920694756, 0.940149207595, 1.00355988797, 0.940149207595, 1.00355988797
0.972917496315, 0.940147452426, 1.00355826242, 0.940147452426, 1.00355826242
0.972914036343, 0.940145025243, 1.00355650317, 0.940145025243, 1.00355650317
0.972910285357, 0.940141568899, 1.00355459499, 0.940141568899, 1.00355459499
0.972906209587, 0.940137816228, 1.00355252044, 0.940137816228, 1.00355252044
0.972901770195, 0.940133732172, 1.00355025938, 0.940133732172, 1.00355025938
0.972896922316, 0.940129276302, 1.00354778854, 0.940129276302, 1.00354778854
0.972891613895, 0.940124401787, 1.00354508081, 0.940124401787, 1.00354508081
0.972885784248, 0.940119054138, 1.00354210455, 0.940119054138, 1.00354210455
0.97287936227, 0.940113169634, 1.00353882253, 0.940113169634, 1.00353882253
0.972872264191, 0.940107895509, 1.00353519078, 0.940107895509, 1.00353519078
0.97286439074, 0.940102380577, 1.00353041163, 0.940102380577, 1.00353041163
0.972855623531, 0.940094707152, 1.00352593706, 0.940094707152, 1.00352593706
0.972845820413, 0.94008704673, 1.0035209374, 0.94008704673, 1.0035209374
0.972834809418, 0.94008074342, 1.00351532586, 0.94008074342, 1.00351532586
0.972822380807, 0.940073622978, 1.00350899669, 0.940073622978, 1.00350899669
0.972808276449, 0.940064173149, 1.00350181979, 0.940064173149, 1.00350181979
0.972792175366, 0.940053179611, 1.0034936335, 0.940053179611, 1.0034936335
0.972773673446, 0.940040552057, 1.00348421925, 0.940040552057, 1.00348421925
0.9727522532, 0.9400251181, 1.00347299781, 0.9400251181, 1.00347299781
0.972727235241, 0.939994654867, 1.00345879561, 0.939994654867, 1.00345879561
0.972697693365, 0.939960131364, 1.00344335791, 0.939960131364, 1.00344335791
0.972662276214, 0.939918159437, 1.00342484311, 0.939918159437, 1.00342484311
0.972618726254, 0.9398684547, 1.00331950334, 0.9398684547, 1.00331950334
0.972562411121, 0.939836447336, 1.00320059103, 0.939836447336, 1.00320059103
0.972481774303, 0.939779822836, 1.00301007764, 0.939779822836, 1.00301007764
0.972344487483, 0.939598607062, 1.0028782565, 0.939598607062, 1.0028782565
0.972056998222, 0.939330737052, 1.00248089691, 0.939330737052, 1.00248089691
0.971354043534, 0.938803237578, 1.00149458277, 0.938803237578, 1.00149458277
0.969523893236, 0.936987889264, 0.999820712109, 0.936987889264, 0.999820712109
0.964807364228, 0.930938226832, 0.995591449027, 0.930938226832, 0.995591449027
0.953312275226, 0.908492496592, 0.988285012412, 0.908492496592, 0.988285012412
0.927611461699, 0.855193772183, 0.974458547257, 0.855193772183, 0.974458547257
0.876238689827, 0.771868998029, 0.949079518111, 0.771868998029, 0.949079518111
0.786827420493, 0.65704019226, 0.894147026802, 0.65704019226, 0.894147026802
0.654956233028, 0.518556813344, 0.786459354875, 0.518556813344, 0.786459354875
0.49421495602, 0.362613034348, 0.626954556875, 0.362613034348, 0.626954556875
0.335592551411, 0.211976199512, 0.454379366073, 0.211976199512, 0.454379366073
0.211446084771, 0.0969097112752, 0.321110207355, 0.0969097112752, 0.321110207355
0.138920476761, 0.0353220809073, 0.250169612743, 0.0353220809073, 0.250169612743
0.120058622055, 0.0226945963156, 0.232462496717, 0.0226945963156, 0.232462496717
0.153898518481, 0.04815173264, 0.263326269595, 0.04815173264, 0.263326269595
0.241802997635, 0.127302822288, 0.350603831645, 0.127302822288, 0.350603831645
0.378468495294, 0.262093524064, 0.495306748898, 0.262093524064, 0.495306748898
0.541443807082, 0.416120461885, 0.672867355556, 0.416120461885, 0.672867355556
0.696550106423, 0.56388774904, 0.821868879787, 0.56388774904, 0.821868879787
0.816703449803, 0.694976923799, 0.912873773655, 0.694976923799, 0.912873773655
0.894193681483, 0.80087688905, 0.957760167904, 0.80087688905, 0.957760167904
0.936910922555, 0.87453447906, 0.979312465073, 0.87453447906, 0.979312465073
0.957588315905, 0.918049575114, 0.991430875599, 0.918049575114, 0.991430875599
0.966602716176, 0.93382849315, 0.997060840486, 0.93382849315, 0.997060840486
0.970232931315, 0.937644618018, 1.00048563343, 0.937644618018, 1.00048563343
0.971628255973, 0.939080908524, 1.00204303325, 0.939080908524, 1.00204303325
0.972167509036, 0.939398769531, 1.00267594765, 0.939398769531, 1.00267594765
0.972395093255, 0.939650875812, 1.00287662194, 0.939650875812, 1.00287662194
0.972509957188, 0.939761657471, 1.00304507553, 0.939761657471, 1.00304507553
0.972581295438, 0.939831717291, 1.00329684201, 0.939831717291, 1.00329684201
0.972632969334, 0.939864769287, 1.00334711439, 0.939864769287, 1.00334711439
0.972673688297, 0.939908225417, 1.00342203541, 0.939908225417, 1.00342203541
0.972707123109, 0.93994093409, 1.00344124719, 0.93994093409, 1.00344124719
0.972735173629, 0.93998722342, 1.00345710854, 0.93998722342, 1.00345710854
0.972759024315, 0.940008923017, 1.00347130341, 0.940008923017, 1.00347130341
0.972779506275, 0.940043146401, 1.00348276863, 0.940043146401, 1.00348276863
0.972797240057, 0.940054121381, 1.00349261464, 0.940054121381, 1.00349261464
0.972812704333, 0.940063644088, 1.00350114075, 0.940063644088, 1.00350114075
0.972826275642, 0.940071964466, 1.00350857805, 0.940071964466, 1.00350857805
0.97283825436, 0.940079279973, 1.00351510801, 0.940079279973, 1.00351510801
0.972848882836, 0.940085748499, 1.00352087507, 0.940085748499, 1.00352087507
0.972858358535, 0.940091497661, 1.00352599551, 0.940091497661, 1.00352599551
0.972866843762, 0.940097262024, 1.00353056396, 0.940097262024, 1.00353056396
0.972874472993, 0.940104678789, 1.00353629387, 0.940104678789, 1.00353629387
0.972881358481, 0.940111366838, 1.00353981816, 0.940111366838, 1.00353981816
0.972887594653, 0.940117419334, 1.00354300648, 0.940117419334, 1.00354300648
0.972893261669, 0.940122915272, 1.00354590092, 0.940122915272, 1.00354590092
0.972898428077, 0.940127922121, 1.00354853732, 0.940127922121, 1.00354853732
0.972903152139, 0.940132497178, 1.00355094611, 0.940132497178, 1.00355094611
0.972907482508, 0.940136688262, 1.00355315261, 0.940136688262, 1.00355315261
0.972911460205, 0.940140535666, 1.00355517815, 0.940140535666, 1.00355517815
0.972915121591, 0.940144075065, 1.00355704158, 0.940144075065, 1.00355704158
0.972918499692, 0.940147338812, 1.00355875998, 0.940147338812, 1.00355875998
0.972921623768, 0.940149615618, 1.00356034844, 0.940149615618, 1.00356034844
0.972924519158, 0.940151212025, 1.00356182004, 0.940151212025, 1.00356182004
0.972927207858, 0.940152694436, 1.00356318609, 0.940152694436, 1.00356318609
0.972929709176, 0.940154073502, 1.00356445652, 0.940154073502, 1.00356445652
0.972755011583, 0.939984294725, 1.00338303868, 0.939984294725, 1.00338303868
0.971137730564, 0.938420602481, 1.00171370629, 0.938420602481, 1.00171370629
0.961248128286, 0.928863371114, 0.991511716943, 0.928863371114, 0.991511716943
0.920876467064, 0.889851183968, 0.949868175373, 0.889851183968, 0.949868175373
0.810682927679, 0.783369727227, 0.83620487138, 0.783369727227, 0.83620487138
0.609449849753, 0.58891627347, 0.628636265826, 0.58891627347, 0.628636265826
