y_fit, y_min, y_max, y_min2, y_max2
0.654607786165, 0.633302037656, 0.676210207467, 0.633302037656, 0.676210207467
0.877779393622, 0.84921008104, 0.906746727667, 0.84921008104, 0.906746727667
0.986096308563, 0.954001708065, 1.01863838129, 0.954001708065, 1.01863838129
1.01853777805, 0.985387473474, 1.05215071971, 0.985387473474, 1.05215071971
1.0245258399, 0.991180841478, 1.05833670894, 0.991180841478, 1.05833670894
1.02520455054, 0.991837679739, 1.0590381624, 0.991837679739, 1.0590381624
1.02524987687, 0.991881764806, 1.0590853568, 0.991881764806, 1.0590853568
1.02524746267, 0.991879680755, 1.05908326519, 0.991879680755, 1.05908326519
1.02524483798, 0.991877412476, 1.05908098948, 0.991877412476, 1.05908098948
1.02524197845, 0.991874938343, 1.05907850814, 0.991874938343, 1.05907850814
1.02523885686, 0.991872234128, 1.05907579707, 0.991872234128, 1.05907579707
1.02523544056, 0.99186927072, 1.0590728273, 0.99186927072, 1.0590728273
1.02523169005, 0.991866012889, 1.05906956377, 0.991866012889, 1.05906956377
1.02522755894, 0.991862419161, 1.05906596522, 0.991862419161, 1.05906596522
1.02522299301, 0.991858440949, 1.05906198334, 0.991858440949, 1.05906198334
1.02521792824, 0.991854020737, 1.05905712892, 0.991854020737, 1.05905712892
1.02521228829, 0.991849089787, 1.05905206832, 0.991849089787, 1.05905206832
1.02520598145, 0.991843565291, 1.05904645033, 0.991843565291, 1.05904645033
1.02519889665, 0.991837346723, 1.05904011959, 0.991837346723, 1.05904011959
1.02519089826, 0.991830311001, 1.05903294741, 0.991830311001, 1.05903294741
1.02518181898, 0.991822306024, 1.05902477389, 0.991822306024, 1.05902477389
1.02517145015, 0.991813141892, 1.05901539805, 0.991813141892, 1.05901539805
1.02515952775, 0.991802578779, 1.05900456391, 0.991802578779, 1.05900456391
1.02514571119, 0.991790309889, 1.05899194025, 0.991790309889, 1.05899194025
1.02512954777, 0.991775936985, 1.05897708902, 0.991775936985, 1.05897708902
1.0251104047, 0.99175893436, 1.05895940683, 0.99175893436, 1.05895940683
1.02508731569, 0.991705311996, 1.0589379778, 0.991705311996, 1.0589379778
1.02505858369, 0.991662150443, 1.05891107458, 0.991662150443, 1.05891107458
1.02502065819, 0.991633255414, 1.05879823519, 0.991633255414, 1.05879823519
1.02496485346, 0.991597427929, 1.05873672601, 0.991597427929, 1.05873672601
1.02486779426, 0.991537589405, 1.05856842449, 0.991537589405, 1.05856842449
1.02466440927, 0.991397393506, 1.05838554861, 0.991397393506, 1.05838554861
1.0241753097, 0.991298105011, 1.05779958428, 0.991298105011, 1.05779958428
1.02292492486, 0.99053347397, 1.05618767977, 0.99053347397, 1.05618767977
1.01973035679, 0.987201055839, 1.05293845242, 0.987201055839, 1.05293845242
1.01190529595, 0.971990508284, 1.04703554164, 0.971990508284, 1.04703554164
0.994067959642, 0.932137741779, 1.03631945181, 0.932137741779, 1.03631945181
0.957157584908, 0.863302059369, 1.01907639602, 0.863302059369, 1.01907639602
0.88945072709, 0.7636745051, 0.985824585212, 0.7636745051, 0.985824585212
0.78201718789, 0.639358377752, 0.918084708587, 0.639358377752, 0.918084708587
0.638218292211, 0.500263907451, 0.790750940091, 0.500263907451, 0.790750940091
0.479828067771, 0.355932743124, 0.616599604231, 0.355932743124, 0.616599604231
0.340178000644, 0.217226727467, 0.45897668923, 0.217226727467, 0.45897668923
0.24748798979, 0.113209643741, 0.369590043287, 0.113209643741, 0.369590043287
0.215177290886, 0.0737211098336, 0.342167923828, 0.0737211098336, 0.342167923828
0.246128071513, 0.113565304466, 0.366339282051, 0.113565304466, 0.366339282051
0.337674126623, 0.217990157668, 0.454043290384, 0.217990157668, 0.454043290384
0.476767314857, 0.359450859253, 0.609061254591, 0.359450859253, 0.609061254591
0.63540585627, 0.504212318654, 0.782398888382, 0.504212318654, 0.782398888382
0.780006303663, 0.637869013264, 0.911371539574, 0.637869013264, 0.911371539574
0.888295149469, 0.761394790945, 0.984602471212, 0.761394790945, 0.984602471212
0.956594130732, 0.860740214674, 1.01849944802, 0.860740214674, 1.01849944802
0.993811830641, 0.931298967713, 1.03676311856, 0.931298967713, 1.03676311856
1.01178463212, 0.97250540863, 1.04682469886, 0.97250540863, 1.04682469886
1.01966967786, 0.986723686826, 1.05301008363, 0.986723686826, 1.05301008363
1.0228936079, 0.990364615244, 1.05618431878, 0.990364615244, 1.05618431878
1.02415913591, 0.991240727494, 1.05777075348, 0.991240727494, 1.05777075348
1.02465605784, 0.991396642966, 1.05836942725, 0.991396642966, 1.05836942725
1.02486343997, 0.991490632501, 1.05860480389, 0.991490632501, 1.05860480389
1.02496250465, 0.991559360643, 1.05874887414, 0.991559360643, 1.05874887414
1.02501929753, 0.991603543379, 1.05882577118, 0.991603543379, 1.05882577118
1.02505771233, 0.991638138066, 1.05889822813, 0.991638138066, 1.05889822813
1.02508670224, 0.991674185663, 1.05892806501, 0.991674185663, 1.05892806501
1.02510994754, 0.991763258675, 1.05895287829, 0.991763258675, 1.05895287829
1.025129198, 0.991791211117, 1.05897375514, 0.991791211117, 1.05897375514
1.0251454353, 0.99180336589, 1.05899149053, 0.99180336589, 1.05899149053
1.02515930028, 0.991813829348, 1.05900668764, 0.991813829348, 1.05900668764
1.02517125559, 0.991822906797, 1.05901735814, 0.991822906797, 1.05901735814
1.02518164939, 0.99183083799, 1.05902633079, 0.99183083799, 1.05902633079
1.02519074911, 0.991837811406, 1.05903418585, 0.991837811406, 1.05903418585
1.0251987647, 0.991843977185, 1.05904118089, 0.991843977185, 1.05904118089
1.02520586413, 0.991849456667, 1.05904942167, 0.991849456667, 1.05904942167
1.0252121835, 0.99185434899, 1.05905471511, 0.99185434899, 1.05905471511
1.02521783424, 0.991858735855, 1.0590596469, 0.991858735855, 1.0590596469
1.02522290836, 0.991862685117, 1.05906408246, 0.991862685117, 1.05906408246
1.02522748242, 0.991866253527, 1.05906786063, 0.991866253527, 1.05906786063
1.02523162058, 0.991869488863, 1.05907128114, 0.991869488863, 1.05907128114
1.02523537693, 0.991872431589, 1.05907438812, 0.991872431589, 1.05907438812
1.02523879737, 0.991875116168, 1.05907721901, 0.991875116168, 1.05907721901
1.02524192105, 0.991877572106, 1.05907980581, 0.991877572106, 1.05907980581
1.02524478156, 0.991879824787, 1.05908217598, 0.991879824787, 1.05908217598
1.02524740783, 0.991881896149, 1.0590843532, 0.991881896149, 1.0590843532
1.02524982488, 0.991883805235, 1.05908635797, 0.991883805235, 1.05908635797
1.02525205448, 0.99188556864, 1.05908820814, 0.99188556864, 1.05908820814
1.02520656316, 0.991841196089, 1.05904079756, 0.991841196089, 1.05904079756
1.02452770336, 0.99118409757, 1.05833914855, 0.99118409757, 1.05833914855
1.01853950002, 0.985390482584, 1.05215297384, 0.985390482584, 1.05215297384
0.986097868605, 0.954004434398, 1.01864042326, 0.954004434398, 1.01864042326
0.877780709327, 0.849212380494, 0.906748449691, 0.849212380494, 0.906748449691
0.654608730405, 0.633303687962, 0.676211443243, 0.633303687962, 0.676211443243
