y_fit, y_min, y_max, y_min2, y_max2
0.613080035388, 0.607422982233, 0.619303720375, 0.607422982233, 0.619303720375
0.815730237184, 0.808203577749, 0.82401042892, 0.808203577749, 0.82401042892
0.926332761469, 0.917786073366, 0.935734507063, 0.917786073366, 0.935734507063
0.966630149251, 0.957712324849, 0.976439357005, 0.957712324849, 0.976439357005
0.976423965519, 0.967416575793, 0.986330732849, 0.967416575793, 0.986330732849
0.978007894519, 0.968986774569, 0.987928694052, 0.968986774569, 0.987928694052
0.978174801031, 0.969153104913, 0.98809506694, 0.969153104913, 0.98809506694
0.978169799008, 0.969149199296, 0.988087588236, 0.969149199296, 0.988087588236
0.978164331698, 0.96914492943, 0.988079417972, 0.96914492943, 0.988079417972
0.978158339021, 0.969140248135, 0.988070467506, 0.969140248135, 0.988070467506
0.978151750768, 0.969135100245, 0.988060633388, 0.969135100245, 0.988060633388
0.978144484446, 0.969129420906, 0.988049794245, 0.969129420906, 0.988049794245
0.978136442571, 0.969123133427, 0.988037806874, 0.969123133427, 0.988037806874
0.978127509214, 0.969112603702, 0.98802450129, 0.969112603702, 0.98802450129
0.978117545563, 0.969100234301, 0.988009674366, 0.969100234301, 0.988009674366
0.978106384153, 0.96908639948, 0.987993081608, 0.96908639948, 0.987993081608
0.978093821267, 0.969075437277, 0.987974426374, 0.969075437277, 0.987974426374
0.978079606785, 0.969063101564, 0.987953345554, 0.969063101564, 0.987953345554
0.978063430413, 0.969049063328, 0.987937411206, 0.969049063328, 0.987937411206
0.978044902623, 0.969032984852, 0.987921366917, 0.969032984852, 0.987921366917
0.978023527658, 0.969012394918, 0.987902823344, 0.969012394918, 0.987902823344
0.977998663925, 0.968990186947, 0.987879163013, 0.968990186947, 0.987879163013
0.977969461151, 0.968964635128, 0.987836308865, 0.968964635128, 0.987836308865
0.977934731154, 0.968934334839, 0.987785610329, 0.968934334839, 0.987785610329
0.977892497111, 0.968897918706, 0.987724710815, 0.968897918706, 0.987724710815
0.977837725619, 0.968852983586, 0.987648839653, 0.968852983586, 0.987648839653
0.977750870647, 0.968739127954, 0.987541037636, 0.968739127954, 0.987541037636
0.977548562582, 0.96845943824, 0.987323459408, 0.96845943824, 0.987323459408
0.976913527534, 0.967697761836, 0.98654102027, 0.967697761836, 0.98654102027
0.974848055154, 0.965539908875, 0.984497208565, 0.965539908875, 0.984497208565
0.968875035536, 0.958155558077, 0.979604339282, 0.958155558077, 0.979604339282
0.954431649806, 0.938429358523, 0.968560509955, 0.938429358523, 0.968560509955
0.926126576131, 0.903158153985, 0.946828009726, 0.903158153985, 0.946828009726
0.882379903312, 0.853739861938, 0.909673972943, 0.853739861938, 0.909673972943
0.831030050484, 0.8009887055, 0.861723871871, 0.8009887055, 0.861723871871
0.788021931099, 0.756941586325, 0.821701592035, 0.756941586325, 0.821701592035
0.76263130295, 0.73062981369, 0.797439796839, 0.73062981369, 0.797439796839
0.73705120166, 0.705977990858, 0.769340500524, 0.705977990858, 0.769340500524
0.666764649403, 0.636631964934, 0.6964390364, 0.636631964934, 0.6964390364
0.521780571438, 0.487157282713, 0.553593097571, 0.487157282713, 0.553593097571
0.334260713128, 0.298640427745, 0.367787760289, 0.298640427745, 0.367787760289
0.186180162515, 0.160055751499, 0.213316441865, 0.160055751499, 0.213316441865
0.148389534361, 0.130350651044, 0.169162315277, 0.130350651044, 0.169162315277
0.243444164561, 0.216496473665, 0.269948715149, 0.216496473665, 0.269948715149
0.440100533924, 0.405524541618, 0.473183974446, 0.405524541618, 0.473183974446
0.662437747064, 0.63092057653, 0.691978196955, 0.63092057653, 0.691978196955
0.833599939408, 0.813016789411, 0.853101598243, 0.813016789411, 0.853101598243
0.9266965213, 0.914920438893, 0.938326044563, 0.914920438893, 0.938326044563
0.963059797302, 0.953971587079, 0.972545791333, 0.953971587079, 0.972545791333
0.973606565854, 0.964643335636, 0.983164071516, 0.964643335636, 0.983164071516
0.976146271499, 0.967038755868, 0.985867888261, 0.967038755868, 0.985867888261
0.976845615139, 0.967744034847, 0.986623779461, 0.967744034847, 0.986623779461
0.977160716248, 0.96810100444, 0.986918916542, 0.96810100444, 0.986918916542
0.977368330209, 0.968334044957, 0.987109586325, 0.968334044957, 0.987109586325
0.977519893111, 0.968509301591, 0.987247610651, 0.968509301591, 0.987247610651
0.977634773294, 0.968639235146, 0.987371747461, 0.968639235146, 0.987371747461
0.97772421016, 0.968737295096, 0.987501196013, 0.968737295096, 0.987501196013
0.977795346784, 0.968810790347, 0.987591726655, 0.968810790347, 0.987591726655
0.977852939306, 0.968861511575, 0.987641983888, 0.968861511575, 0.987641983888
0.977900269831, 0.968903184864, 0.987715203248, 0.968903184864, 0.987715203248
0.977939670192, 0.968937868902, 0.987776124646, 0.968937868902, 0.987776124646
0.977972837959, 0.968967061581, 0.98782738464, 0.968967061581, 0.98782738464
0.978001034947, 0.968994765242, 0.987870942504, 0.968994765242, 0.987870942504
0.978025216131, 0.969015953101, 0.987904990556, 0.969015953101, 0.987904990556
0.978046115784, 0.969034089692, 0.987922967621, 0.969034089692, 0.987922967621
0.978064306435, 0.96904987416, 0.987938605762, 0.96904987416, 0.987938605762
0.978080240112, 0.969063699239, 0.987952296894, 0.969063699239, 0.987952296894
0.978094277736, 0.969075878452, 0.987971598946, 0.969075878452, 0.987971598946
0.978106710438, 0.969086664649, 0.987990475885, 0.969086664649, 0.987990475885
0.97811777523, 0.969096263653, 0.988007275859, 0.969096263653, 0.988007275859
0.978127666715, 0.9691089437, 0.98802229421, 0.9691089437, 0.98802229421
0.978136545913, 0.969120386141, 0.988035775363, 0.969120386141, 0.988035775363
0.97814454702, 0.96912997791, 0.988047923046, 0.96912997791, 0.988047923046
0.978151782614, 0.969135584012, 0.988058908189, 0.969135584012, 0.988058908189
0.977986855046, 0.968970760253, 0.987895642257, 0.968970760253, 0.987895642257
0.976404702523, 0.967401913879, 0.98630047036, 0.967401913879, 0.98630047036
0.966612577943, 0.957698950739, 0.976411750992, 0.957698950739, 0.976411750992
0.926317106541, 0.917774158018, 0.935709910922, 0.917774158018, 0.935709910922
0.815717237923, 0.808193683785, 0.823990004604, 0.808193683785, 0.823990004604
0.61307067175, 0.607415855452, 0.619289008003, 0.607415855452, 0.619289008003
