y_fit, y_min, y_max, y_min2, y_max2
0.64390691948, 0.639345753227, 0.648769945428, 0.639345753227, 0.648769945428
0.855391958996, 0.849335281194, 0.861855333394, 0.849335281194, 0.861855333394
0.972992098192, 0.966101608939, 0.980349143358, 0.966101608939, 0.980349143358
1.01718498555, 1.00997999718, 1.02488306523, 1.00997999718, 1.02488306523
1.02838437645, 1.02109822412, 1.03617542995, 1.02109822412, 1.03617542995
1.03027244376, 1.02297086172, 1.03808696553, 1.02297086172, 1.03808696553
1.03045267262, 1.02314756948, 1.03827857535, 1.02314756948, 1.03827857535
1.03040595741, 1.02309874023, 1.03824239552, 1.02309874023, 1.03824239552
1.03035496576, 1.02304544054, 1.03817814836, 1.02304544054, 1.03817814836
1.03029914859, 1.02298709545, 1.03809583982, 1.02298709545, 1.03809583982
1.03023786244, 1.02292438186, 1.03803632096, 1.02292438186, 1.03803632096
1.03017034801, 1.0228440582, 1.03796971903, 1.0228440582, 1.03796971903
1.03009570192, 1.02275473791, 1.03790485884, 1.02275473791, 1.03790485884
1.03001283878, 1.0226795788, 1.03783218314, 1.0226795788, 1.03783218314
1.02992043833, 1.02260369039, 1.03774702565, 1.02260369039, 1.03774702565
1.02981686616, 1.02249762387, 1.03765150843, 1.02249762387, 1.03765150843
1.02970001732, 1.02238794191, 1.03753827204, 1.02238794191, 1.03753827204
1.0295667087, 1.0222435696, 1.03740583027, 1.0222435696, 1.03740583027
1.02940905371, 1.02207036246, 1.03725700628, 1.02207036246, 1.03725700628
1.02919456111, 1.02186513497, 1.03704648049, 1.02186513497, 1.03704648049
1.0287807427, 1.02145140817, 1.03659108456, 1.02145140817, 1.03659108456
1.02764130214, 1.02040599008, 1.035363658, 1.02040599008, 1.035363658
1.02425667281, 1.01658529039, 1.03202473093, 1.01658529039, 1.03202473093
1.0153872145, 1.00503924929, 1.02437989775, 1.00503924929, 1.02437989775
0.996465211089, 0.979140441821, 1.0090146035, 0.979140441821, 1.0090146035
0.964882890044, 0.940666906728, 0.982937818238, 0.940666906728, 0.982937818238
0.925409630688, 0.89903387804, 0.94759346384, 0.89903387804, 0.94759346384
0.891955478188, 0.864252178832, 0.917244725583, 0.864252178832, 0.917244725583
0.879954320607, 0.850326885379, 0.908124665649, 0.850326885379, 0.908124665649
0.893324877096, 0.864081093048, 0.923048644722, 0.864081093048, 0.923048644722
0.918365823843, 0.894199329496, 0.945383713824, 0.894199329496, 0.945383713824
0.930856330054, 0.911279293283, 0.951450623866, 0.911279293283, 0.951450623866
0.909683961914, 0.887158777136, 0.929747145608, 0.887158777136, 0.929747145608
0.84759140077, 0.818822512715, 0.87250999207, 0.818822512715, 0.87250999207
0.755465776024, 0.726643212023, 0.782470051601, 0.726643212023, 0.782470051601
0.658083154657, 0.633501042248, 0.683193873851, 0.633501042248, 0.683193873851
0.578147413014, 0.552346730738, 0.604135093615, 0.552346730738, 0.604135093615
0.514829007274, 0.488409955945, 0.542431730591, 0.488409955945, 0.542431730591
0.439791350058, 0.416795506441, 0.463300416373, 0.416795506441, 0.463300416373
0.328722105661, 0.302556335373, 0.353033934301, 0.302556335373, 0.353033934301
0.198016247416, 0.171270027926, 0.225498567486, 0.171270027926, 0.225498567486
0.092439074538, 0.0745057058044, 0.113901835676, 0.0745057058044, 0.113901835676
0.0419393618377, 0.0343102583251, 0.0532108182747, 0.0343102583251, 0.0532108182747
0.0557339602934, 0.0470825947904, 0.0668235452462, 0.0470825947904, 0.0668235452462
0.147658504746, 0.127749654011, 0.169735507982, 0.127749654011, 0.169735507982
0.327732571666, 0.294768952352, 0.361907947481, 0.294768952352, 0.361907947481
0.561455700965, 0.522851639148, 0.599617490256, 0.522851639148, 0.599617490256
0.774033509211, 0.74093273489, 0.804224381718, 0.74093273489, 0.804224381718
0.912328758224, 0.889674576066, 0.932381970255, 0.889674576066, 0.932381970255
0.978897107192, 0.962597792303, 0.992698963393, 0.962597792303, 0.992698963393
1.00456939013, 0.991406380323, 1.0158208194, 0.991406380323, 1.0158208194
1.01409321709, 1.0032292131, 1.02412105382, 1.0032292131, 1.02412105382
1.01846962509, 1.00933906187, 1.02744787725, 1.00933906187, 1.02744787725
1.0211009537, 1.01281092549, 1.0294385414, 1.01281092549, 1.0294385414
1.02294153111, 1.01529244653, 1.03091789032, 1.01529244653, 1.03091789032
1.02430812126, 1.01678124309, 1.03220000132, 1.01678124309, 1.03220000132
1.02535555953, 1.01807913157, 1.03325846361, 1.01807913157, 1.03325846361
1.02617813069, 1.01886318715, 1.03385241961, 1.01886318715, 1.03385241961
1.02683701044, 1.01936299629, 1.03456194583, 1.01936299629, 1.03456194583
1.027373564, 1.02001277805, 1.03501373065, 1.02001277805, 1.03501373065
1.02781669054, 1.02035728748, 1.0356373129, 1.02035728748, 1.0356373129
1.02818713165, 1.02077768116, 1.03597676433, 1.02077768116, 1.03597676433
1.02850011669, 1.02113231148, 1.03622051974, 1.02113231148, 1.03622051974
1.02876704864, 1.02141256333, 1.03663496876, 1.02141256333, 1.03663496876
1.02899661223, 1.02167774286, 1.03688904143, 1.02167774286, 1.03688904143
1.02919552207, 1.02189643948, 1.03707210866, 1.02189643948, 1.03707210866
1.02936903937, 1.02204801974, 1.03723189541, 1.02204801974, 1.03723189541
1.0295213361, 1.02218102338, 1.03737196601, 1.02218102338, 1.03737196601
1.0296557564, 1.02231215508, 1.03749639533, 1.02231215508, 1.03749639533
1.02977500722, 1.02244501186, 1.03760683022, 1.02244501186, 1.03760683022
1.02988129932, 1.02254179549, 1.03770523215, 1.02254179549, 1.03770523215
1.02997645311, 1.02264161359, 1.03779331772, 1.02264161359, 1.03779331772
1.03006197885, 1.02271419443, 1.03787248653, 1.02271419443, 1.03787248653
1.03013913823, 1.02278465938, 1.0379424096, 1.02278465938, 1.0379424096
1.02998589063, 1.02264836322, 1.03778215124, 1.02264836322, 1.03778215124
1.0281220795, 1.02080643088, 1.0358989799, 1.02080643088, 1.0358989799
1.01694589448, 1.00971622977, 1.02466414393, 1.00971622977, 1.02466414393
0.972779399982, 0.965871822786, 0.980184209048, 0.965871822786, 0.980184209048
0.855215577819, 0.849146566555, 0.861718607289, 0.849146566555, 0.861718607289
0.643779653754, 0.639212042404, 0.648671292843, 0.639212042404, 0.648671292843
