y_fit, y_min, y_max, y_min2, y_max2
0.694902077357, 0.688264000033, 0.701502314147, 0.688264000033, 0.701502314147
0.940277969442, 0.931295973868, 0.949208782831, 0.931295973868, 0.949208782831
1.02025782084, 1.01051189334, 1.02994824779, 1.01051189334, 1.02994824779
1.03254764319, 1.02268441751, 1.04235474791, 1.02268441751, 1.04235474791
1.03343184326, 1.02356029039, 1.04324728682, 1.02356029039, 1.04324728682
1.03343049803, 1.02355909809, 1.04324586147, 1.02355909809, 1.04324586147
1.03342900163, 1.02355778184, 1.043244274, 1.02355778184, 1.043244274
1.03342732803, 1.0235563223, 1.04324249606, 1.0235563223, 1.04324249606
1.03342544467, 1.02355469582, 1.04324049211, 1.02355469582, 1.04324049211
1.03342331022, 1.02355287314, 1.04323819335, 1.02355287314, 1.04323819335
1.03342087117, 1.02355081743, 1.04323554654, 1.02355081743, 1.04323554654
1.03341805656, 1.02354848168, 1.04323247585, 1.02354848168, 1.04323247585
1.0334147683, 1.02354580451, 1.0432288677, 1.02354580451, 1.0432288677
1.03341085985, 1.02354270401, 1.04322458379, 1.02354270401, 1.04322458379
1.03340607342, 1.02353906751, 1.04321930475, 1.02353906751, 1.04321930475
1.03339981235, 1.02353305032, 1.0432125896, 1.02353305032, 1.0432125896
1.03339020069, 1.02351869525, 1.04320159529, 1.02351869525, 1.04320159529
1.0333699077, 1.02350162529, 1.04315130262, 1.02350162529, 1.04315130262
1.03330700303, 1.02337931111, 1.04307117924, 1.02337931111, 1.04307117924
1.03305866734, 1.02307700695, 1.04275601977, 1.02307700695, 1.04275601977
1.03201682016, 1.02190578784, 1.04151104416, 1.02190578784, 1.04151104416
1.02793663827, 1.01318628155, 1.03864608644, 1.01318628155, 1.03864608644
1.01444396568, 0.988342787763, 1.03084359506, 0.988342787763, 1.03084359506
0.980053357178, 0.944723750946, 1.00810027847, 0.944723750946, 1.00810027847
0.918515830494, 0.879797170222, 0.956072506113, 0.879797170222, 0.956072506113
0.850780867874, 0.805690263788, 0.893794548055, 0.805690263788, 0.893794548055
0.822482679849, 0.776944418179, 0.866885118016, 0.776944418179, 0.866885118016
0.856403422863, 0.816221377424, 0.897375483907, 0.816221377424, 0.897375483907
0.924025963617, 0.876853102288, 0.969481849009, 0.876853102288, 0.969481849009
0.982163309103, 0.934164090091, 1.01531482481, 0.934164090091, 1.01531482481
1.01418314977, 0.979486003948, 1.03310943895, 0.979486003948, 1.03310943895
1.02614435804, 1.00716157928, 1.03789927962, 1.00716157928, 1.03789927962
1.02378330398, 1.01122388807, 1.03448794635, 1.01122388807, 1.03448794635
0.995851672288, 0.973553608852, 1.01380027862, 0.973553608852, 1.01380027862
0.909637285877, 0.871350943611, 0.945398602906, 0.871350943611, 0.945398602906
0.74341773507, 0.701327493546, 0.786885092798, 0.701327493546, 0.786885092798
0.54909990637, 0.513057219436, 0.584688175091, 0.513057219436, 0.584688175091
0.444649742991, 0.404386326926, 0.482309608042, 0.404386326926, 0.482309608042
0.504800884143, 0.468823387527, 0.540365499119, 0.468823387527, 0.540365499119
0.679686496568, 0.639490603961, 0.720089127613, 0.639490603961, 0.720089127613
0.831705487063, 0.79293367307, 0.867866210296, 0.79293367307, 0.867866210296
0.843257280391, 0.810928826902, 0.873979267145, 0.810928826902, 0.873979267145
0.68916851872, 0.650113102978, 0.727260101691, 0.650113102978, 0.727260101691
0.452916763235, 0.419726531521, 0.486388331463, 0.419726531521, 0.486388331463
0.278393717968, 0.247882375919, 0.307977181636, 0.247882375919, 0.307977181636
0.267542714433, 0.238148168437, 0.297748019058, 0.238148168437, 0.297748019058
0.427580676986, 0.394525914768, 0.459390980012, 0.394525914768, 0.459390980012
0.672677471908, 0.631678498018, 0.713149544455, 0.631678498018, 0.713149544455
0.878516663886, 0.842831339746, 0.91123962752, 0.842831339746, 0.91123962752
0.986599569659, 0.967266276592, 1.00320380721, 0.967266276592, 1.00320380721
1.02330116094, 1.01295986873, 1.03319391934, 1.01295986873, 1.03319391934
1.03162081368, 1.02190599312, 1.04138784499, 1.02190599312, 1.04138784499
1.03297039367, 1.02314523936, 1.0427568581, 1.02314523936, 1.0427568581
1.0331784369, 1.02329440277, 1.04297968598, 1.02329440277, 1.04297968598
1.03324303458, 1.02335720406, 1.04305355255, 1.02335720406, 1.04305355255
1.03328250052, 1.02340084803, 1.0430948071, 1.02340084803, 1.0430948071
1.03331098764, 1.02343265741, 1.04312388541, 1.02343265741, 1.04312388541
1.03333251824, 1.0234567569, 1.04314579697, 1.0234567569, 1.04314579697
1.03334926775, 1.02347516662, 1.04316303405, 1.02347516662, 1.04316303405
1.03336259661, 1.02348893864, 1.04317664462, 1.02348893864, 1.04317664462
1.03337340229, 1.0235011208, 1.04318768473, 1.0235011208, 1.04318768473
1.0333822999, 1.02351022215, 1.0431967853, 1.02351022215, 1.0431967853
1.03338972429, 1.02351696465, 1.04320438597, 1.02351696465, 1.04320438597
1.03339599087, 1.02352266262, 1.04321080634, 1.02352266262, 1.04321080634
1.0334013335, 1.02352785516, 1.04321628379, 1.02352785516, 1.04321628379
1.03340592889, 1.0235325174, 1.04322099794, 1.0235325174, 1.04322099794
1.03340991279, 1.02353655993, 1.04322508696, 1.02353655993, 1.04322508696
1.03341339101, 1.02354008965, 1.04322865864, 1.02354008965, 1.04322865864
1.03341644712, 1.02354319107, 1.0432317982, 1.02354319107, 1.0432317982
1.03341914786, 1.02354593177, 1.04323457378, 1.02354593177, 1.04323457378
1.03342154713, 1.02354836638, 1.04323704041, 1.02354836638, 1.04323704041
1.03342368893, 1.0235505395, 1.04323924308, 1.0235505395, 1.04323924308
1.03342560977, 1.02355248818, 1.0432412191, 1.02355248818, 1.0432412191
1.03342734022, 1.02355424345, 1.04324299977, 1.02355424345, 1.04324299977
1.03342890478, 1.02355583019, 1.04324461016, 1.02355583019, 1.04324461016
1.03343032279, 1.02355726805, 1.04324607008, 1.02355726805, 1.04324607008
1.03254619747, 1.02268161937, 1.0423535732, 1.02268161937, 1.0423535732
1.02025646221, 1.01050932193, 1.02994713011, 1.01050932193, 1.02994713011
0.940276771864, 0.931293746053, 0.949207788484, 0.931293746053, 0.949207788484
0.694901219817, 0.688262422498, 0.701501597937, 0.688262422498, 0.701501597937
