y_fit, y_min, y_max, y_min2, y_max2
0.616036528177, 0.612816492034, 0.619136263859, 0.612816492034, 0.619136263859
0.812100528285, 0.807862001597, 0.816175435134, 0.807862001597, 0.816175435134
0.929900647044, 0.925063529225, 0.934546295582, 0.925063529225, 0.934546295582
0.980259490698, 0.975198030545, 0.985145088277, 0.975198030545, 0.985145088277
0.99553120667, 0.990429670465, 1.00045693915, 0.990429670465, 1.00045693915
0.998758742583, 0.993668859764, 1.00365487453, 0.993668859764, 1.00365487453
0.999161326529, 0.99409978267, 1.00401694023, 0.99409978267, 1.00401694023
0.999099137607, 0.994050055756, 1.00392385269, 0.994050055756, 1.00392385269
0.998972655557, 0.993930963235, 1.0037725563, 0.993930963235, 1.0037725563
0.998837467296, 0.993859328287, 1.0036048142, 0.993859328287, 1.0036048142
0.998692753497, 0.993771454458, 1.00342015959, 0.993771454458, 1.00342015959
0.998537595521, 0.993645839114, 1.00322380298, 0.993645839114, 1.00322380298
0.998370958638, 0.993528701522, 1.00302971039, 0.993528701522, 1.00302971039
0.998191668319, 0.993382855405, 1.00280928591, 0.993382855405, 1.00280928591
0.997998380182, 0.993182491404, 1.00260032678, 0.993182491404, 1.00260032678
0.997789559682, 0.993012986307, 1.00234335478, 0.993012986307, 1.00234335478
0.997563490528, 0.992823227451, 1.00206166189, 0.992823227451, 1.00206166189
0.997318281064, 0.992659091406, 1.00176009574, 0.992659091406, 1.00176009574
0.997051799813, 0.992428577139, 1.00142999236, 0.992428577139, 1.00142999236
0.996761551398, 0.99219398511, 1.00106788618, 0.99219398511, 1.00106788618
0.996444584066, 0.991954450865, 1.00070579341, 0.991954450865, 1.00070579341
0.996097447891, 0.991675905466, 1.00036278726, 0.991675905466, 1.00036278726
0.99571613761, 0.991306522622, 0.999924418154, 0.991306522622, 0.999924418154
0.995295982847, 0.990898351308, 0.999489031812, 0.990898351308, 0.999489031812
0.994831495448, 0.990479218259, 0.999003356378, 0.990479218259, 0.999003356378
0.994316181115, 0.989960287619, 0.998461374186, 0.989960287619, 0.998461374186
0.993742305364, 0.989390298006, 0.99789205535, 0.989390298006, 0.99789205535
0.993100595714, 0.98873401649, 0.997297731007, 0.98873401649, 0.997297731007
0.992379856803, 0.98800795625, 0.996644253717, 0.98800795625, 0.996644253717
0.991566467384, 0.987068331698, 0.995885240458, 0.987068331698, 0.995885240458
0.990643715233, 0.986004548485, 0.995126991935, 0.986004548485, 0.995126991935
0.989590906563, 0.984820274126, 0.994260134278, 0.984820274126, 0.994260134278
0.988382155148, 0.983351261837, 0.993273447439, 0.983351261837, 0.993273447439
0.98698470483, 0.981720551562, 0.992256247819, 0.981720551562, 0.992256247819
0.985356529875, 0.979588343319, 0.991098585513, 0.979588343319, 0.991098585513
0.983442717745, 0.97714072142, 0.989755189989, 0.97714072142, 0.989755189989
0.981169404672, 0.974151571731, 0.988266831411, 0.974151571731, 0.988266831411
0.978430602331, 0.97049344615, 0.986595233483, 0.97049344615, 0.986595233483
0.97504575369, 0.965997908322, 0.984471969559, 0.965997908322, 0.984471969559
0.970602029877, 0.960440567193, 0.981437585654, 0.960440567193, 0.981437585654
0.963944336091, 0.952578313, 0.975870121805, 0.952578313, 0.975870121805
0.951882541822, 0.939134910917, 0.96516561361, 0.939134910917, 0.96516561361
0.927439983404, 0.911472327776, 0.943329972963, 0.911472327776, 0.943329972963
0.880721515174, 0.86057320606, 0.899634797079, 0.86057320606, 0.899634797079
0.807285579645, 0.785530935378, 0.82836422481, 0.785530935378, 0.82836422481
0.719533870086, 0.696550910854, 0.742893425224, 0.696550910854, 0.742893425224
0.640848818875, 0.616756322414, 0.66442208427, 0.616756322414, 0.66442208427
0.576307127525, 0.555304023291, 0.597509386076, 0.555304023291, 0.597509386076
0.498610888548, 0.477523029867, 0.518988479812, 0.477523029867, 0.518988479812
0.381666577003, 0.364413447768, 0.399167295202, 0.364413447768, 0.399167295202
0.240616631588, 0.225626057217, 0.255226381918, 0.225626057217, 0.255226381918
0.119450961655, 0.107049651918, 0.132875499464, 0.107049651918, 0.132875499464
0.0462211493683, 0.0392622556279, 0.0557130705123, 0.0392622556279, 0.0557130705123
0.0179934992763, 0.0149518995884, 0.0224558737097, 0.0149518995884, 0.0224558737097
0.0237121967753, 0.0201329391136, 0.0276042303751, 0.0201329391136, 0.0276042303751
0.0664862572562, 0.0586104308224, 0.0748350772307, 0.0586104308224, 0.0748350772307
0.159874398752, 0.147247590235, 0.172916760095, 0.147247590235, 0.172916760095
0.302190363507, 0.28748398589, 0.316931664312, 0.28748398589, 0.316931664312
0.457971022588, 0.442843147124, 0.473486347031, 0.442843147124, 0.473486347031
0.576660764292, 0.558426159388, 0.595940357486, 0.558426159388, 0.595940357486
0.633441562914, 0.613152705765, 0.656068955914, 0.613152705765, 0.656068955914
0.645287870596, 0.625369630135, 0.666117965917, 0.625369630135, 0.666117965917
0.650017689185, 0.629170264741, 0.66988938394, 0.629170264741, 0.66988938394
0.676863172478, 0.655019795302, 0.697780912199, 0.655019795302, 0.697780912199
0.732148546316, 0.71074561704, 0.75245687434, 0.71074561704, 0.75245687434
0.802761245296, 0.781923888801, 0.823137696305, 0.781923888801, 0.823137696305
0.869541722431, 0.849964323817, 0.888430149803, 0.849964323817, 0.888430149803
0.91973544276, 0.903211977329, 0.934654827792, 0.903211977329, 0.934654827792
0.951036253848, 0.9395018442, 0.961394834674, 0.9395018442, 0.961394834674
0.967986524617, 0.960134496047, 0.975891129828, 0.960134496047, 0.975891129828
0.976545901535, 0.969742637392, 0.983307194216, 0.969742637392, 0.983307194216
0.981046813014, 0.974650301613, 0.987392851021, 0.974650301613, 0.987392851021
0.983795332984, 0.977851062496, 0.9896863736, 0.977851062496, 0.9896863736
0.985782797926, 0.980221555536, 0.991308227725, 0.980221555536, 0.991308227725
0.987382819792, 0.982167445759, 0.99249728563, 0.982167445759, 0.99249728563
0.988734931501, 0.983834715928, 0.993546743551, 0.983834715928, 0.993546743551
0.989900856114, 0.98513389647, 0.994527896211, 0.98513389647, 0.994527896211
0.99091655767, 0.986341358388, 0.995372127159, 0.986341358388, 0.995372127159
0.991807634896, 0.987371386892, 0.996109277294, 0.987371386892, 0.996109277294
0.992593971226, 0.98818175223, 0.996837059676, 0.98818175223, 0.996837059676
0.993291529511, 0.988912668573, 0.997457207661, 0.988912668573, 0.997457207661
0.993913335194, 0.989535899403, 0.998050933876, 0.989535899403, 0.998050933876
0.994470120205, 0.99011599048, 0.998609202251, 0.99011599048, 0.998609202251
0.994970739288, 0.990590016732, 0.999159819765, 0.990590016732, 0.999159819765
0.995422475132, 0.990985133179, 0.999635765626, 0.990985133179, 0.999635765626
0.995831377593, 0.991386738493, 1.0000381478, 0.991386738493, 1.0000381478
0.996202616994, 0.991740960882, 1.0004368383, 0.991740960882, 1.0004368383
0.996540696438, 0.992012012127, 1.00081377904, 0.992012012127, 1.00081377904
0.99684951253, 0.99226751218, 1.00118570398, 0.99226751218, 1.00118570398
0.997132396926, 0.992476988137, 1.00152783799, 0.992476988137, 1.00152783799
0.997392198331, 0.992684153913, 1.00184532188, 0.992684153913, 1.00184532188
0.99763137247, 0.992874319524, 1.002141522, 0.992874319524, 1.002141522
0.997852052763, 0.993055653816, 1.00240968336, 0.993055653816, 1.00240968336
0.998056102479, 0.993237944905, 1.00265692223, 0.993237944905, 1.00265692223
0.998245155343, 0.993401313806, 1.00288811206, 0.993401313806, 1.00288811206
0.998420648833, 0.993562462857, 1.00309542521, 0.993562462857, 1.00309542521
0.998583851868, 0.993673035939, 1.0032889199, 0.993673035939, 1.0032889199
0.998735888036, 0.993797034939, 1.00347502565, 0.993797034939, 1.00347502565
0.998877755156, 0.993882554753, 1.00365216709, 0.993882554753, 1.00365216709
0.999010341862, 0.993962900138, 1.00381361557, 0.993962900138, 1.00381361557
0.99913444178, 0.994067317035, 1.0039604514, 0.994067317035, 1.0039604514
0.99925076618, 0.994152935971, 1.00411730195, 0.994152935971, 1.00411730195
0.99935995622, 0.994233281466, 1.0042737782, 0.994233281466, 1.0042737782
0.999462594494, 0.994308785976, 1.00441623493, 0.994308785976, 1.00441623493
0.999559210448, 0.994379842282, 1.00453882097, 0.994379842282, 1.00453882097
0.999650273995, 0.994443553655, 1.00466965162, 0.994443553655, 1.00466965162
0.999736188786, 0.994509955168, 1.00478048697, 0.994509955168, 1.00478048697
0.999817307578, 0.994568870898, 1.00488778492, 0.994568870898, 1.00488778492
0.999893962478, 0.994603664889, 1.0049860962, 0.994603664889, 1.0049860962
0.999966477106, 0.994639767409, 1.00508287622, 0.994639767409, 1.00508287622
1.00003515569, 0.994698468595, 1.00518347616, 0.994698468595, 1.00518347616
1.00010027272, 0.994747801521, 1.00527878274, 0.994747801521, 1.00527878274
1.00016207395, 0.994793412208, 1.00536910691, 0.994793412208, 1.00536910691
1.0001644234, 0.994784672519, 1.00537910731, 0.994784672519, 1.00537910731
0.999706114465, 0.994323124059, 1.00492029876, 0.994323124059, 1.00492029876
0.996424961435, 0.991046993892, 1.00164720246, 0.991046993892, 1.00164720246
0.981095150932, 0.975794646263, 0.986261093363, 0.975794646263, 0.986261093363
0.93065801733, 0.925625982321, 0.935577915679, 0.925625982321, 0.935577915679
0.81273809221, 0.80833419029, 0.817047998481, 0.80833419029, 0.817047998481
0.616507239982, 0.613161856097, 0.619783574629, 0.613161856097, 0.619783574629
